service_id,monday,tuesday,wednesday,thursday,friday,saturday,sunday,start_date,end_date
1,1,1,1,1,1,0,0,20120101,20151231
2,0,0,0,0,0,1,0,20120101,20151231
3,0,0,0,0,0,0,1,20120101,20151231
4,1,1,1,1,1,0,0,20120101,20151231
5,0,0,0,0,0,1,0,20120101,20151231
6,0,0,0,0,0,0,1,20120101,20151231
7,1,1,1,1,1,0,0,20120101,20151231
8,0,0,0,0,0,1,0,20120101,20151231
9,0,0,0,0,0,0,1,20120101,20151231
10,1,1,1,1,1,0,0,20120101,20151231
11,0,0,0,0,0,1,0,20120101,20151231
12,0,0,0,0,0,0,1,20120101,20151231
13,1,1,1,1,1,1,1,20120101,20151231
14,1,1,1,1,1,1,1,20120101,20151231
15,1,1,1,1,1,1,1,20120101,20151231
16,1,1,1,1,1,1,1,20120101,20151231
17,1,1,1,1,1,1,1,20120101,20151231
18,1,1,1,1,1,1,1,20120101,20151231
19,1,1,1,1,1,1,1,20120101,20151231
20,1,1,1,1,1,1,1,20120101,20151231
21,1,1,1,1,1,1,1,20120101,20151231
22,1,1,1,1,1,1,1,20120101,20151231
23,1,1,1,1,1,1,1,20120101,20151231
24,1,1,1,1,1,1,1,20120101,20151231
25,1,1,1,1,1,1,1,20120101,20151231
26,1,1,1,1,1,1,1,20120101,20151231
27,1,1,1,1,1,1,1,20120101,20151231
28,1,1,1,1,1,1,1,20120101,20151231
29,1,1,1,1,1,1,1,20120101,20151231
30,1,1,1,1,1,1,1,20120101,20151231
31,1,1,1,1,1,1,1,20120101,20151231
32,1,1,1,1,1,1,1,20120101,20151231
33,1,1,1,1,1,1,1,20120101,20151231
34,1,1,1,1,1,1,1,20120101,20151231
35,1,1,1,1,1,1,1,20120101,20151231
36,1,1,1,1,1,1,1,20120101,20151231
37,1,1,1,1,1,1,1,20120101,20151231
38,1,1,1,1,1,1,1,20120101,20151231
39,1,1,1,1,1,1,1,20120101,20151231
40,1,1,1,1,1,1,1,20120101,20151231
41,1,1,1,1,1,1,1,20120101,20151231
42,1,1,1,1,1,1,1,20120101,20151231
43,1,1,1,1,1,1,1,20120101,20151231
44,1,1,1,1,1,1,1,20120101,20151231
45,1,1,1,1,1,1,1,20120101,20151231
46,1,1,1,1,1,1,1,20120101,20151231
47,1,1,1,1,1,1,1,20120101,20151231
48,1,1,1,1,1,1,1,20120101,20151231
49,1,1,1,1,1,1,1,20120101,20151231
50,1,1,1,1,1,1,1,20120101,20151231
51,1,1,1,1,1,1,1,20120101,20151231
52,1,1,1,1,1,1,1,20120101,20151231
53,1,1,1,1,1,1,1,20120101,20151231
54,1,1,1,1,1,1,1,20120101,20151231
55,1,1,1,1,1,1,1,20120101,20151231
56,1,1,1,1,1,1,1,20120101,20151231
57,1,1,1,1,1,1,1,20120101,20151231
58,1,1,1,1,1,1,1,20120101,20151231
59,1,1,1,1,1,1,1,20120101,20151231
60,1,1,1,1,1,1,1,20120101,20151231
61,1,1,1,1,1,1,1,20120101,20151231
62,1,1,1,1,1,1,1,20120101,20151231
63,1,1,1,1,1,1,1,20120101,20151231
64,1,1,1,1,1,1,1,20120101,20151231
65,1,1,1,1,1,1,1,20120101,20151231
66,1,1,1,1,1,1,1,20120101,20151231
67,1,1,1,1,1,1,1,20120101,20151231
68,1,1,1,1,1,1,1,20120101,20151231
69,1,1,1,1,1,1,1,20120101,20151231
70,1,1,1,1,1,1,1,20120101,20151231
71,1,1,1,1,1,1,1,20120101,20151231
72,1,1,1,1,1,1,1,20120101,20151231
73,1,1,1,1,1,1,1,20120101,20151231
74,1,1,1,1,1,1,1,20120101,20151231
75,1,1,1,1,1,1,1,20120101,20151231
76,1,1,1,1,1,1,1,20120101,20151231
77,1,1,1,1,1,1,1,20120101,20151231
78,1,1,1,1,1,1,1,20120101,20151231
79,1,1,1,1,1,1,1,20120101,20151231
80,1,1,1,1,1,1,1,20120101,20151231
81,1,1,1,1,1,1,1,20120101,20151231
82,1,1,1,1,1,1,1,20120101,20151231
83,1,1,1,1,1,1,1,20120101,20151231
84,1,1,1,1,1,1,1,20120101,20151231
85,1,1,1,1,1,1,1,20120101,20151231
86,1,1,1,1,1,1,1,20120101,20151231
87,1,1,1,1,1,1,1,20120101,20151231
88,1,1,1,1,1,1,1,20120101,20151231
89,1,1,1,1,1,1,1,20120101,20151231
90,1,1,1,1,1,1,1,20120101,20151231
91,1,1,1,1,1,1,1,20120101,20151231
92,1,1,1,1,1,1,1,20120101,20151231
93,1,1,1,1,1,1,1,20120101,20151231
94,1,1,1,1,1,1,1,20120101,20151231
95,1,1,1,1,1,1,1,20120101,20151231
96,1,1,1,1,1,1,1,20120101,20151231
97,1,1,1,1,1,1,1,20120101,20151231
98,1,1,1,1,1,1,1,20120101,20151231
99,1,1,1,1,1,1,1,20120101,20151231
100,1,1,1,1,1,1,1,20120101,20151231
101,1,1,1,1,1,1,1,20120101,20151231
102,1,1,1,1,1,1,1,20120101,20151231
103,1,1,1,1,1,1,1,20120101,20151231
104,1,1,1,1,1,1,1,20120101,20151231
105,1,1,1,1,1,1,1,20120101,20151231
106,1,1,1,1,1,1,1,20120101,20151231
107,1,1,1,1,1,1,1,20120101,20151231
108,1,1,1,1,1,1,1,20120101,20151231
109,1,1,1,1,1,1,1,20120101,20151231
110,1,1,1,1,1,1,1,20120101,20151231
111,1,1,1,1,1,1,1,20120101,20151231
112,1,1,1,1,1,1,1,20120101,20151231
113,1,1,1,1,1,1,1,20120101,20151231
114,1,1,1,1,1,1,1,20120101,20151231
115,1,1,1,1,1,1,1,20120101,20151231
116,1,1,1,1,1,1,1,20120101,20151231
117,1,1,1,1,1,1,1,20120101,20151231
118,1,1,1,1,1,1,1,20120101,20151231
119,1,1,1,1,1,1,1,20120101,20151231
120,1,1,1,1,1,0,0,20120101,20151231
121,0,0,0,0,0,1,0,20120101,20151231
122,0,0,0,0,0,0,1,20120101,20151231
123,1,1,1,1,1,0,0,20120101,20151231
124,1,1,1,1,1,1,0,20120101,20151231
125,1,1,1,1,1,0,0,20120101,20151231
126,1,1,1,1,1,1,0,20120101,20151231
127,1,1,1,1,1,1,1,20120101,20151231
128,0,0,0,0,0,1,0,20120101,20151231
129,1,1,1,1,1,0,0,20120101,20151231
130,1,1,1,1,1,0,0,20120101,20151231
131,1,1,1,1,1,1,1,20120101,20151231
132,1,1,1,1,1,0,0,20120101,20151231
133,0,0,0,0,0,1,0,20120101,20151231
134,0,0,0,0,0,0,1,20120101,20151231
135,1,1,1,1,1,1,1,20120101,20151231
136,1,1,1,1,1,1,0,20120101,20151231
137,1,1,1,1,1,1,0,20120101,20151231
138,1,1,1,1,1,1,0,20120101,20151231
139,0,0,0,0,0,0,1,20120101,20151231
140,1,1,1,1,1,1,0,20120101,20151231
141,1,1,1,1,1,1,0,20120101,20151231
142,1,1,1,1,1,1,0,20120101,20151231
143,0,0,0,0,0,0,1,20120101,20151231
144,1,1,1,1,1,1,0,20120101,20151231
145,0,0,0,0,0,0,1,20120101,20151231
146,1,1,1,1,1,1,0,20120101,20151231
147,1,1,1,1,1,1,0,20120101,20151231
148,0,0,0,0,0,0,1,20120101,20151231
150,1,1,1,1,1,1,0,20120101,20151231
151,1,1,1,1,1,1,0,20120101,20151231
153,1,1,1,1,1,1,0,20120101,20151231
154,1,1,1,1,1,1,0,20120101,20151231
155,1,1,1,1,1,0,0,20120101,20151231
156,1,1,1,1,1,0,0,20120101,20151231
157,1,1,1,1,1,0,0,20120101,20151231
158,1,1,1,1,1,0,0,20120101,20151231
159,1,1,1,1,1,0,0,20120101,20151231
160,1,1,1,1,1,0,0,20120101,20151231
161,1,1,1,1,1,0,0,20120101,20151231
162,1,1,1,1,1,0,0,20120101,20151231
163,1,1,1,1,1,0,0,20120101,20151231
164,1,1,1,1,1,0,0,20120101,20151231
165,1,1,1,1,1,0,0,20120101,20151231
166,1,1,1,1,1,0,0,20120101,20151231
167,1,1,1,1,1,0,0,20120101,20151231
168,0,0,0,0,0,1,0,20120101,20151231
169,0,0,0,0,0,0,1,20120101,20151231
170,1,1,1,1,1,0,0,20120101,20151231
171,0,0,0,0,0,1,0,20120101,20151231
172,0,0,0,0,0,0,1,20120101,20151231
173,1,0,0,0,1,0,0,20120101,20151231
174,0,0,1,0,0,0,0,20120101,20151231
175,0,0,1,0,0,0,0,20120101,20151231
176,1,0,0,0,1,0,0,20120101,20151231
177,1,1,1,1,1,1,1,20120101,20151231
178,1,1,1,1,1,1,1,20120101,20151231
179,1,1,1,1,1,1,1,20120101,20151231
180,1,1,1,1,1,1,1,20120101,20151231
191,1,1,1,1,1,1,1,20120101,20151231
192,1,1,1,1,1,1,1,20120101,20151231
193,1,1,1,1,1,1,1,20120101,20151231
194,1,1,1,1,1,1,1,20120101,20151231
195,1,1,1,1,1,1,1,20120101,20151231
196,1,1,1,1,1,1,1,20120101,20151231
197,1,1,1,1,1,1,1,20120101,20151231
198,1,1,1,1,1,1,1,20120101,20151231
199,1,1,1,1,1,1,1,20120101,20151231
200,1,1,1,1,1,1,1,20120101,20151231
201,1,1,1,1,1,1,1,20120101,20151231
202,1,1,1,1,1,1,1,20120101,20151231
203,1,1,1,1,1,1,1,20120101,20151231
204,1,1,1,1,1,1,1,20120101,20151231
205,1,1,1,1,1,1,1,20120101,20151231
206,1,1,1,1,1,1,1,20120101,20151231
207,1,1,1,1,1,1,1,20120101,20151231
208,1,1,1,1,1,1,1,20120101,20151231
209,1,1,1,1,1,1,1,20120101,20151231
210,1,1,1,1,1,1,1,20120101,20151231
211,1,1,1,1,1,1,1,20120101,20151231
212,1,1,1,1,1,1,1,20120101,20151231
213,1,1,1,1,1,1,1,20120101,20151231
214,1,1,1,1,1,1,1,20120101,20151231
215,1,1,1,1,1,1,1,20120101,20151231
216,1,1,1,1,1,1,1,20120101,20151231
217,1,1,1,1,1,1,1,20120101,20151231
218,1,1,1,1,1,1,1,20120101,20151231
219,1,1,1,1,1,1,1,20120101,20151231
220,1,1,1,1,1,1,1,20120101,20151231
221,1,1,1,1,1,1,1,20120101,20151231
222,1,1,1,1,1,1,1,20120101,20151231
223,1,1,1,1,1,1,1,20120101,20151231
224,1,1,1,1,1,1,1,20120101,20151231
225,1,1,1,1,1,1,1,20120101,20151231
226,1,1,1,1,1,1,1,20120101,20151231
227,1,1,1,1,1,1,1,20120101,20151231
228,1,1,1,1,1,1,1,20120101,20151231
229,1,1,1,1,1,1,1,20120101,20151231
230,1,1,1,1,1,1,1,20120101,20151231
231,1,1,1,1,1,1,1,20120101,20151231
232,1,1,1,1,1,1,1,20120101,20151231
233,1,1,1,1,1,1,1,20120101,20151231
234,1,1,1,1,1,1,1,20120101,20151231
235,1,1,1,1,1,1,1,20120101,20151231
236,1,1,1,1,1,1,1,20120101,20151231
237,1,1,1,1,1,1,1,20120101,20151231
238,1,1,1,1,1,1,1,20120101,20151231
239,1,1,1,1,1,1,1,20120101,20151231
240,1,1,1,1,1,1,1,20120101,20151231
241,1,0,0,1,0,0,0,20121001,20151231
242,0,0,0,0,1,0,0,20121001,20151231
243,0,0,0,0,0,0,1,20121001,20151231
244,0,0,0,0,1,0,0,20121001,20151231
245,1,0,0,1,0,0,0,20121001,20151231
246,1,1,1,1,1,1,1,20120101,20151231
247,1,1,1,1,1,1,1,20120101,20151231
248,1,1,1,1,1,1,1,20120101,20151231
249,1,1,1,1,1,1,1,20120101,20151231
250,1,0,0,1,1,0,0,20130403,20151231
251,1,0,0,1,0,0,0,20121001,20151231
252,1,0,0,0,1,0,0,20130403,20151231
253,1,0,0,0,1,0,0,20130403,20151231
254,1,1,1,1,1,0,0,20120801,20151231
255,0,0,0,0,0,1,0,20120801,20151231
256,0,0,0,0,0,0,1,20120801,20151231
257,1,1,1,1,1,0,0,20120801,20151231
258,0,0,0,0,0,1,0,20120801,20151231
259,0,0,0,0,0,0,1,20120801,20151231
260,1,0,0,0,1,0,0,20121001,20151231
261,1,0,0,0,1,0,0,20121001,20151231
262,1,0,0,1,0,0,0,20121001,20151231
263,0,0,0,0,1,0,0,20121001,20151231
264,0,0,0,0,0,0,1,20121001,20151231
265,0,0,0,0,1,0,0,20121001,20151231
266,0,0,0,0,0,0,1,20130403,20151231
267,1,1,1,1,1,0,0,20120801,20151231
268,0,0,0,0,0,1,0,20120801,20151231
269,0,0,0,0,0,0,1,20120801,20151231
270,1,1,1,1,1,0,0,20120801,20151231
271,0,0,0,0,0,1,0,20120801,20151231
272,0,0,0,0,0,0,1,20120801,20151231
273,1,0,0,0,0,0,0,20121001,20151231
274,0,0,0,0,1,0,0,20121001,20151231
275,0,0,0,0,0,0,1,20121001,20151231
276,0,0,0,0,1,0,0,20121001,20151231
277,1,0,0,0,0,0,0,20121001,20151231
278,0,0,0,0,0,0,1,20121001,20151231
279,1,0,0,0,0,0,0,20121001,20151231
280,0,0,0,0,1,0,0,20121001,20151231
281,0,0,0,0,0,0,1,20121001,20151231
282,0,0,0,0,1,0,0,20121001,20151231
283,1,0,0,0,0,0,0,20121001,20151231
284,0,0,0,0,0,0,1,20121001,20151231
285,1,0,0,1,0,0,0,20121001,20151231
286,0,0,0,0,1,0,0,20121001,20151231
287,0,0,0,0,0,0,1,20121001,20151231
288,0,0,0,0,1,0,0,20121001,20151231
289,1,0,0,1,0,0,0,20121001,20151231
290,1,1,1,1,1,0,0,20120801,20151231
291,0,0,0,0,0,1,0,20120801,20151231
292,0,0,0,0,0,0,1,20120801,20151231
293,1,1,1,1,1,0,0,20120801,20151231
294,0,0,0,0,0,1,0,20120801,20151231
295,0,0,0,0,0,0,1,20120801,20151231
296,1,0,0,1,0,0,0,20121001,20151231
297,0,0,0,0,1,0,0,20121001,20151231
298,0,0,0,0,0,0,1,20121001,20151231
299,0,0,0,0,1,0,0,20121001,20151231
300,1,0,0,1,0,0,0,20121001,20151231
301,0,0,0,0,0,0,1,20121001,20151231
302,1,1,1,1,1,1,1,20120101,20151231
303,1,1,1,1,1,1,1,20120101,20151231
304,1,1,1,1,1,1,1,20120101,20151231
305,1,1,1,1,1,1,1,20120101,20151231
306,1,1,1,1,1,1,1,20120101,20151231
307,1,1,1,1,1,1,1,20120101,20151231
308,1,1,1,1,1,1,1,20120101,20151231
309,1,1,1,1,1,1,1,20120101,20151231
310,1,1,1,1,1,1,1,20120101,20151231
311,1,0,0,0,0,0,0,20121001,20151231
312,0,0,0,0,1,0,0,20121001,20151231
313,0,0,0,0,0,0,1,20121001,20151231
314,0,0,0,0,1,0,0,20121001,20151231
315,1,0,0,0,0,0,0,20130403,20151231
316,0,0,0,0,1,1,0,20120101,20151231
317,0,0,0,0,1,1,0,20120101,20151231
318,1,1,1,1,1,1,0,20120101,20151231
319,1,1,1,1,1,1,0,20120101,20151231
320,1,1,1,1,1,1,0,20120101,20151231
321,1,1,1,1,1,1,0,20120101,20151231
322,1,1,1,1,1,1,0,20120101,20151231
323,1,1,1,1,1,1,0,20120101,20151231
324,1,1,1,1,1,1,0,20120101,20151231
325,1,1,1,1,1,1,0,20120101,20151231
326,1,1,1,1,1,1,0,20120101,20151231
327,1,1,1,1,1,1,0,20120101,20151231
328,1,1,1,1,1,1,0,20120101,20151231
329,1,1,1,1,1,1,0,20120101,20151231
330,1,1,1,1,1,1,0,20120101,20151231
331,1,1,1,1,1,1,0,20120101,20151231
332,1,1,1,1,1,1,0,20120101,20151231
333,1,1,1,1,1,1,0,20120101,20151231
334,1,1,1,1,1,1,1,20120101,20151231
335,1,1,1,1,1,1,0,20120101,20151231
336,1,1,1,1,1,1,0,20120101,20151231
337,1,1,1,1,1,1,0,20120101,20151231
338,1,1,1,1,1,1,0,20120101,20151231
339,1,1,1,1,1,1,0,20120101,20151231
340,1,1,1,1,1,1,0,20120101,20151231
341,1,1,1,1,1,1,0,20120101,20151231
342,1,1,1,1,1,1,0,20120101,20151231
343,1,1,1,1,1,1,0,20120101,20151231
344,1,1,1,1,1,1,0,20120101,20151231
345,1,1,1,1,1,1,0,20120101,20151231
346,1,1,1,1,1,1,0,20120101,20151231
347,1,1,1,1,1,1,0,20120101,20151231
348,1,1,1,1,1,1,0,20120101,20151231
349,1,1,1,1,1,1,0,20120101,20151231
350,1,1,1,1,1,1,0,20120101,20151231
351,1,1,1,1,1,0,0,20120101,20151231
352,0,0,0,0,0,0,1,20120124,20151231
353,1,1,1,1,1,0,0,20120101,20151231
354,0,0,0,0,0,1,0,20120101,20151231
355,1,1,1,1,1,0,0,20120101,20151231
356,1,1,1,1,1,1,1,20120101,20151231
357,1,1,1,1,1,0,0,20120101,20151231
358,0,0,0,0,0,1,0,20120101,20151231
359,1,1,1,1,1,0,0,20120101,20151231
360,0,0,0,0,0,0,1,20120124,20151231
361,1,1,1,1,1,0,0,20120101,20151231
362,0,0,0,0,0,1,0,20120101,20151231
363,1,1,1,1,1,0,0,20120101,20151231
364,0,0,0,0,0,0,1,20120124,20151231
365,1,1,1,1,1,0,0,20120101,20151231
366,0,0,0,0,0,1,0,20120101,20151231
367,1,1,1,1,1,1,0,20120101,20151231
368,1,1,1,1,1,0,0,20120101,20151231
369,0,0,0,0,0,1,1,20120101,20151231
370,1,1,1,1,1,0,0,20120101,20151231
371,1,0,0,1,0,0,0,20121001,20151231
372,1,0,0,1,0,0,0,20121001,20151231
375,1,0,0,0,0,0,0,20120101,20151231
376,0,0,0,1,1,0,0,20140101,20151231
379,0,0,0,1,0,0,0,20120101,20151231
381,0,0,0,1,0,0,0,20120101,20151231
383,0,1,0,0,0,0,0,20120101,20151231
386,1,1,1,1,1,1,1,20120101,20151231
387,1,1,1,1,1,1,1,20120101,20151231
388,1,1,1,1,1,1,1,20120101,20151231
389,1,1,1,1,1,1,1,20120101,20151231
390,1,1,1,1,1,1,1,20120101,20151231
391,1,1,1,1,1,1,1,20120101,20151231
392,1,1,1,1,1,1,1,20120101,20151231
393,1,1,1,1,1,1,1,20120101,20151231
394,1,1,1,1,1,1,1,20120101,20151231
395,1,1,1,1,1,1,1,20120101,20151231
396,1,1,1,1,1,1,1,20120101,20151231
397,1,1,1,1,1,1,1,20120101,20151231
398,1,1,1,1,1,1,1,20120101,20151231
399,1,1,1,1,1,1,1,20120101,20151231
400,1,1,1,1,1,1,1,20120101,20151231
401,1,1,1,1,1,1,1,20120101,20151231
402,1,1,1,1,1,1,1,20120101,20151231
403,1,1,1,1,1,1,1,20120101,20151231
404,1,1,1,1,1,1,1,20120101,20151231
405,1,1,1,1,1,1,1,20120101,20151231
406,1,1,1,1,1,1,1,20120101,20151231
407,1,1,1,1,1,1,1,20120101,20151231
408,1,1,1,1,1,1,1,20120101,20151231
409,1,1,1,1,1,1,1,20120101,20151231
410,1,1,1,1,1,1,1,20120101,20151231
411,1,1,1,1,1,1,1,20120101,20151231
412,1,1,1,1,1,1,1,20120101,20151231
413,1,1,1,1,1,1,1,20120101,20151231
414,1,1,1,1,1,1,1,20120101,20151231
415,1,1,1,1,1,1,1,20120101,20151231
416,1,1,1,1,1,1,1,20120101,20151231
417,1,1,1,1,1,1,1,20120101,20151231
418,1,1,1,1,1,1,1,20120101,20151231
419,1,1,1,1,1,1,1,20120101,20151231
420,1,1,1,1,1,1,1,20120101,20151231
421,1,1,1,1,1,1,1,20120101,20151231
422,1,1,1,1,1,1,1,20120101,20151231
423,1,1,1,1,1,1,1,20120101,20151231
424,1,1,1,1,1,1,1,20120101,20151231
425,1,1,1,1,1,1,1,20120101,20151231
426,1,1,1,1,1,1,1,20120101,20151231
427,1,1,1,1,1,1,1,20120101,20151231
428,1,1,1,1,1,1,1,20120101,20151231
429,1,1,1,1,1,1,1,20120101,20151231
430,1,1,1,1,1,1,1,20120101,20151231
431,1,1,1,1,1,1,1,20120101,20151231
432,1,1,1,1,1,1,1,20120101,20151231
433,1,1,1,1,1,1,1,20120101,20151231
434,1,1,1,1,1,1,1,20120101,20151231
435,1,1,1,1,1,1,1,20120101,20151231
436,1,1,1,1,1,1,1,20120101,20151231
437,1,1,1,1,1,1,1,20120101,20151231
438,1,1,1,1,1,1,1,20120101,20151231
439,1,1,1,1,1,1,1,20120101,20151231
440,1,1,1,1,1,1,1,20120101,20151231
441,1,1,1,1,1,1,1,20120101,20151231
442,1,1,1,1,1,1,1,20120101,20151231
443,1,1,1,1,1,1,1,20120101,20151231
444,1,1,1,1,1,1,1,20120101,20151231
445,1,1,1,1,1,1,1,20120101,20151231
446,1,1,1,1,1,1,1,20120101,20151231
447,1,1,1,1,1,1,1,20120101,20151231
448,1,1,1,1,1,1,1,20120101,20151231
449,0,0,0,0,1,0,0,20120101,20151231
450,0,0,0,0,1,0,0,20120101,20151231
451,1,1,1,1,1,1,1,20120101,20151231
452,1,1,1,1,1,1,1,20120101,20151231
453,1,1,1,1,1,1,1,20120101,20151231
454,1,1,1,1,1,1,1,20120101,20151231
455,1,1,1,1,1,1,1,20120101,20151231
456,1,0,0,0,0,0,0,20120101,20151231
457,1,1,1,1,1,1,0,20120101,20151231
458,1,1,1,1,1,1,1,20120101,20151231
459,1,1,1,1,1,1,0,20120101,20151231
460,1,1,1,1,1,1,1,20120101,20151231
461,1,0,1,0,1,0,0,20120101,20151231
462,1,1,1,1,1,1,1,20120101,20151231
463,1,1,1,1,1,1,1,20120101,20151231
464,0,0,0,0,0,0,1,20120101,20151231
465,1,1,1,1,1,1,1,20120101,20151231
466,0,0,1,0,0,0,0,20120101,20151231
467,1,1,1,1,1,1,0,20120101,20151231
468,1,1,1,1,1,1,1,20120101,20151231
469,1,0,0,0,0,0,0,20120101,20151231
470,1,1,1,1,1,1,1,20120101,20151231
471,1,1,1,1,1,1,1,20120101,20151231
472,1,1,1,1,1,1,1,20120101,20151231
473,1,0,0,0,0,0,0,20121001,20151231
474,0,0,0,0,1,0,0,20121001,20151231
475,0,0,0,0,0,0,1,20121001,20151231
476,1,0,0,0,1,0,0,20130403,20151231
477,0,0,0,0,0,0,1,20121001,20151231
478,1,0,0,1,0,0,0,20121001,20151231
479,0,0,0,0,1,0,0,20121001,20151231
480,0,0,0,0,0,0,1,20121001,20151231
481,0,0,0,0,0,0,1,20121001,20151231
482,1,0,0,1,1,0,0,20130403,20151231
483,1,1,1,1,1,1,0,20120101,20151231
484,0,0,0,0,0,0,1,20120101,20151231
485,1,1,1,1,1,1,0,20120101,20151231
486,0,0,0,0,0,0,1,20120101,20151231
487,1,1,1,1,1,1,0,20120101,20151231
488,0,0,0,0,0,0,1,20120101,20151231
489,1,1,1,1,1,1,0,20120101,20151231
490,0,0,0,0,0,0,1,20120101,20151231
491,1,1,1,1,1,1,0,20120101,20151231
492,0,0,0,0,0,0,1,20120101,20151231
493,1,1,1,1,1,1,0,20120101,20151231
494,0,0,0,0,0,0,1,20120101,20151231
495,1,1,1,1,1,1,0,20120101,20151231
496,0,0,0,0,0,0,1,20120101,20151231
497,1,1,1,1,1,1,0,20120101,20151231
498,0,0,0,0,0,0,1,20120101,20151231
499,1,1,1,1,1,0,0,20120101,20151231
500,0,0,0,0,0,1,0,20120101,20151231
501,0,0,0,0,0,0,1,20120101,20151231
502,1,1,1,1,1,0,0,20120101,20151231
503,0,0,0,0,0,1,0,20120101,20151231
504,0,0,0,0,0,0,1,20120101,20151231
505,1,1,1,1,1,0,0,20120101,20151231
506,0,0,0,0,0,1,0,20120101,20151231
507,0,0,0,0,0,0,1,20120101,20151231
508,1,1,1,1,1,0,0,20120101,20151231
509,0,0,0,0,0,1,0,20120101,20151231
510,0,0,0,0,0,0,1,20120101,20151231
511,1,1,1,1,1,0,0,20120101,20151231
512,0,0,0,0,0,1,0,20120101,20151231
513,0,0,0,0,0,0,1,20120101,20151231
514,1,1,1,1,1,0,0,20120101,20151231
515,0,0,0,0,0,1,0,20120101,20151231
516,0,0,0,0,0,0,1,20120101,20151231
517,1,1,1,1,1,0,0,20120101,20151231
518,0,0,0,0,0,1,0,20120101,20151231
519,0,0,0,0,0,0,1,20120101,20151231
520,1,1,1,1,1,0,0,20120101,20151231
521,0,0,0,0,0,1,0,20120101,20151231
522,0,0,0,0,0,0,1,20120101,20151231
523,1,1,1,1,1,0,0,20120101,20151231
524,0,0,0,0,0,1,0,20120101,20151231
525,0,0,0,0,0,0,1,20120101,20151231
526,1,1,1,1,1,0,0,20120101,20151231
527,0,0,0,0,0,1,0,20120101,20151231
528,0,0,0,0,0,0,1,20120101,20151231
533,1,1,1,1,1,0,0,20120910,20151231
534,0,0,0,0,0,1,1,20120801,20151231
535,1,1,1,1,1,0,0,20120801,20151231
536,0,0,0,0,0,1,1,20120801,20151231
537,1,1,1,1,1,0,0,20120101,20151231
538,0,0,0,0,0,1,0,20120101,20151231
539,0,0,0,0,0,0,1,20120101,20151231
540,1,1,1,1,1,0,0,20120101,20151231
541,0,0,0,0,0,1,0,20120101,20151231
542,0,0,0,0,0,0,1,20120101,20151231
543,1,1,1,1,1,0,0,20120101,20151231
544,0,0,0,0,0,1,0,20120101,20151231
545,0,0,0,0,0,0,1,20120101,20151231
546,1,1,1,1,1,0,0,20120101,20151231
547,0,0,0,0,0,1,0,20120101,20151231
548,0,0,0,0,0,0,1,20120101,20151231
549,1,1,1,1,1,0,0,20120101,20151231
550,0,0,0,0,0,1,0,20120101,20151231
551,0,0,0,0,0,0,1,20120101,20151231
552,1,1,1,1,1,0,0,20120101,20151231
553,0,0,0,0,0,1,0,20120101,20151231
554,0,0,0,0,0,0,1,20120101,20151231
555,1,1,1,1,1,0,0,20120101,20151231
556,0,0,0,0,0,1,0,20120101,20151231
557,0,0,0,0,0,0,1,20120101,20151231
558,1,1,1,1,1,0,0,20120101,20151231
559,0,0,0,0,0,1,0,20120101,20151231
560,0,0,0,0,0,0,1,20120101,20151231
561,1,1,1,1,1,0,0,20120101,20151231
562,0,0,0,0,0,1,1,20120101,20151231
563,1,1,1,1,1,0,0,20120101,20151231
564,0,0,0,0,0,1,1,20120101,20151231
565,0,0,0,0,0,1,1,20120101,20151231
566,1,1,1,1,1,0,0,20121123,20151231
567,1,1,1,1,1,1,1,20120101,20151231
568,1,1,1,1,1,1,1,20120101,20151231
569,1,1,1,1,1,0,0,20120101,20151231
570,0,0,0,0,0,1,1,20120101,20151231
571,0,0,0,0,0,1,1,20120101,20151231
572,1,1,1,1,1,0,0,20120101,20151231
573,0,0,0,0,0,1,1,20120101,20151231
574,0,0,0,0,0,1,1,20120101,20151231
575,1,1,1,1,1,1,1,20120101,20151231
576,1,1,1,1,1,1,1,20120101,20151231
577,1,1,1,1,1,1,1,20120101,20151231
578,1,1,1,1,1,1,1,20120101,20151231
579,1,1,1,1,1,1,1,20120101,20151231
581,1,1,1,1,1,1,1,20120130,20151231
582,1,1,1,1,1,1,1,20120130,20151231
583,1,1,1,1,1,0,0,20120101,20151231
584,0,0,0,0,0,1,1,20120101,20151231
585,1,1,1,1,1,0,0,20120101,20151231
586,0,0,0,0,0,1,1,20120101,20151231
587,1,1,1,1,1,1,1,20120130,20151231
588,1,1,1,1,1,1,1,20120130,20151231
589,1,1,1,1,1,1,1,20120130,20151231
590,1,1,1,1,1,1,1,20120130,20151231
591,1,1,1,1,1,1,1,20120130,20151231
592,1,1,1,1,1,1,1,20120130,20151231
593,0,0,0,0,0,1,1,20120101,20151231
594,1,1,1,1,1,0,0,20120101,20151231
595,1,1,1,1,1,0,0,20120101,20151231
596,0,0,0,0,0,1,1,20120101,20151231
597,1,1,1,1,1,1,1,20120130,20151231
598,1,1,1,1,1,1,1,20120130,20151231
599,1,1,1,1,1,1,1,20120130,20151231
600,1,1,1,1,1,1,1,20120130,20151231
601,1,1,1,1,1,1,1,20120130,20151231
602,1,1,1,1,1,1,1,20120130,20151231
603,1,1,1,1,1,1,1,20120130,20151231
604,1,1,1,1,1,1,1,20120130,20151231
605,1,1,1,1,1,1,1,20120130,20151231
606,1,1,1,1,1,0,0,20120101,20151231
607,0,0,0,0,0,1,1,20120101,20151231
608,1,1,1,1,1,0,0,20120101,20151231
609,1,1,1,1,1,0,0,20120101,20151231
610,0,0,0,0,0,1,1,20120101,20151231
611,0,0,0,0,0,1,1,20120101,20151231
612,1,1,1,1,1,0,0,20120101,20151231
613,1,1,1,1,1,0,0,20120101,20151231
614,0,0,0,0,0,1,0,20120101,20151231
615,0,0,0,0,0,0,1,20120101,20151231
616,1,1,1,1,1,0,0,20120101,20151231
617,0,0,0,0,0,1,0,20120101,20151231
618,0,0,0,0,0,0,1,20120101,20151231
619,1,1,1,1,1,0,0,20120101,20151231
620,0,0,0,0,0,1,0,20120101,20151231
621,0,0,0,0,0,0,1,20120101,20151231
622,1,1,1,1,1,0,0,20120101,20151231
623,0,0,0,0,0,1,0,20120101,20151231
624,0,0,0,0,0,0,1,20120101,20151231
625,1,1,1,1,1,1,0,20120101,20151231
626,0,0,0,0,0,0,1,20120101,20151231
627,1,1,1,1,1,1,0,20120101,20151231
628,0,0,0,0,0,0,1,20120101,20151231
629,1,1,1,1,1,1,0,20120101,20151231
630,0,0,0,0,0,0,1,20120101,20151231
631,1,1,1,1,1,1,0,20120101,20151231
632,0,0,0,0,0,0,1,20120101,20151231
633,1,1,1,1,1,1,1,20120101,20151231
634,1,1,1,1,1,1,1,20120101,20151231
635,1,1,1,1,1,1,1,20120101,20151231
636,1,1,1,1,1,1,1,20120101,20151231
637,1,1,1,1,1,1,1,20120101,20151231
638,1,1,1,1,1,1,1,20120101,20151231
639,1,1,1,1,1,1,1,20120101,20151231
640,1,1,1,1,1,1,1,20120101,20151231
641,1,1,1,1,1,1,0,20120101,20151231
642,0,0,0,0,0,0,1,20120101,20151231
643,1,1,1,1,1,1,0,20120101,20151231
644,0,0,0,0,0,0,1,20120101,20151231
645,1,1,1,1,1,1,0,20120101,20151231
646,0,0,0,0,0,0,1,20120101,20151231
647,1,1,1,1,1,1,0,20120101,20151231
648,0,0,0,0,0,0,1,20120101,20151231
649,1,1,1,1,1,1,0,20120101,20151231
650,0,0,0,0,0,0,1,20120101,20151231
651,1,1,1,1,1,0,0,20120101,20151231
652,0,0,0,0,0,1,1,20120101,20151231
653,1,1,1,1,1,0,0,20120101,20151231
654,0,0,0,0,0,1,1,20120101,20151231
655,1,1,1,1,1,0,0,20120101,20151231
656,0,0,0,0,0,1,1,20120101,20151231
657,1,1,1,1,1,1,1,20120101,20151231
658,1,1,1,1,1,1,1,20120101,20151231
659,1,1,1,1,1,0,0,20120101,20151231
660,0,0,0,0,0,1,0,20120101,20151231
661,0,0,0,0,0,0,1,20120101,20151231
662,1,1,1,1,1,0,0,20120101,20151231
663,0,0,0,0,0,1,0,20120101,20151231
664,0,0,0,0,0,0,1,20120101,20151231
671,1,1,1,1,1,1,1,20120101,20151231
672,1,1,1,1,1,1,1,20120101,20151231
673,1,1,1,1,1,1,1,20120101,20151231
674,1,1,1,1,1,1,1,20120101,20151231
675,1,1,1,1,1,1,0,20120801,20151231
676,0,0,0,0,0,0,1,20120801,20151231
677,1,1,1,1,1,1,0,20120801,20151231
678,0,0,0,0,0,0,1,20120801,20151231
681,1,1,1,1,1,0,0,20120101,20151231
682,0,0,0,0,0,0,1,20130403,20151231
683,0,0,0,0,0,0,1,20130403,20151231
684,1,0,0,1,0,0,0,20130403,20151231
685,0,0,0,0,0,0,1,20121001,20151231
686,0,0,0,0,0,0,1,20130403,20151231
687,0,0,0,0,1,0,0,20130403,20151231
688,0,0,0,0,0,0,1,20130403,20151231
689,0,0,0,0,0,0,1,20130403,20151231
690,0,0,0,0,0,0,1,20130403,20151231
691,0,0,0,0,0,0,1,20121001,20151231
692,0,0,0,0,1,0,0,20130403,20151231
693,0,0,0,0,0,0,1,20130403,20151231
694,0,0,0,0,1,0,0,20130403,20151231
695,0,0,0,0,0,0,1,20130403,20151231
696,0,0,0,0,0,0,1,20121001,20151231
697,1,1,1,1,1,1,0,20130701,20151231
698,1,1,1,1,1,1,0,20130701,20151231
699,1,1,1,1,1,1,0,20130701,20151231
700,1,1,1,1,1,1,0,20130701,20151231
701,1,1,1,1,1,1,0,20130701,20151231
702,1,1,1,1,1,1,0,20130701,20151231
703,1,1,1,1,1,1,0,20130701,20151231
704,1,1,1,1,1,1,0,20130701,20151231
705,1,1,1,1,1,1,0,20130701,20151231
706,1,1,1,1,1,1,0,20130701,20151231
707,1,1,1,1,1,1,0,20130701,20151231
708,1,1,1,1,1,1,0,20130701,20151231
709,1,1,1,1,1,1,0,20130701,20151231
710,1,1,1,1,1,1,0,20130701,20151231
711,1,1,1,1,1,1,0,20130701,20151231
712,1,1,1,1,1,1,0,20130701,20151231
713,1,1,1,1,1,1,0,20130701,20151231
714,1,1,1,1,1,1,0,20130701,20151231
715,1,1,1,1,1,1,0,20130701,20151231
716,1,1,1,1,1,1,0,20130701,20151231
717,1,1,1,1,1,1,0,20130701,20151231
718,1,1,1,1,1,1,0,20130701,20151231
719,1,1,1,1,1,1,0,20130701,20151231
720,1,1,1,1,1,1,0,20130701,20151231
721,1,1,1,1,1,1,0,20130701,20151231
722,1,1,1,1,1,1,0,20130701,20151231
723,1,1,1,1,1,1,0,20130701,20151231
724,1,1,1,1,1,1,0,20130701,20151231
725,1,1,1,1,1,1,0,20130701,20151231
726,1,1,1,1,1,1,0,20130701,20151231
727,1,1,1,1,1,1,0,20130701,20151231
728,1,1,1,1,1,1,0,20130701,20151231
729,1,1,1,1,1,1,0,20130701,20151231
730,1,1,1,1,1,1,0,20130701,20151231
731,1,1,1,1,1,1,0,20130701,20151231
732,1,1,1,1,1,1,0,20130701,20151231
733,1,1,1,1,1,1,0,20130701,20151231
734,1,1,1,1,1,1,0,20130701,20151231
735,1,1,1,1,1,1,0,20130701,20151231
736,1,1,1,1,1,1,0,20130701,20151231
737,1,1,1,1,1,1,0,20130701,20151231
738,1,1,1,1,1,1,0,20130701,20151231
739,1,1,1,1,1,1,0,20130701,20151231
740,1,1,1,1,1,1,0,20130701,20151231
741,1,1,1,1,1,1,0,20130701,20151231
742,1,1,1,1,1,1,0,20130701,20151231
743,1,1,1,1,1,1,0,20130701,20151231
744,1,1,1,1,1,1,0,20130701,20151231
745,1,1,1,1,1,1,0,20130701,20151231
746,1,1,1,1,1,1,0,20130701,20151231
747,1,1,1,1,1,1,0,20130701,20151231
748,1,1,1,1,1,1,0,20130701,20151231
749,1,1,1,1,1,1,0,20130701,20151231
750,1,1,1,1,1,1,0,20130701,20151231
751,1,1,1,1,1,1,0,20130701,20151231
752,1,1,1,1,1,1,0,20130701,20151231
753,1,1,1,1,1,1,0,20130701,20151231
754,1,1,1,1,1,1,0,20130701,20151231
755,1,1,1,1,1,1,0,20130701,20151231
756,0,0,0,0,0,0,1,20130701,20151231
757,0,0,0,0,0,0,1,20130701,20151231
758,0,0,0,0,0,0,1,20130701,20151231
759,0,0,0,0,0,0,1,20130701,20151231
760,0,0,0,0,0,0,1,20130701,20151231
761,0,0,0,0,0,0,1,20130701,20151231
762,0,0,0,0,0,0,1,20130701,20151231
763,0,0,0,0,0,0,1,20130701,20151231
764,0,0,0,0,0,0,1,20130701,20151231
765,0,0,0,0,0,0,1,20130701,20151231
766,0,0,0,0,0,0,1,20130701,20151231
767,0,0,0,0,0,0,1,20130701,20151231
768,0,0,0,0,0,0,1,20130701,20151231
769,0,0,0,0,0,0,1,20130701,20151231
770,0,0,0,0,0,0,1,20130701,20151231
771,0,0,0,0,0,0,1,20130701,20151231
772,0,0,0,0,0,0,1,20130701,20151231
773,0,0,0,0,0,0,1,20130701,20151231
774,0,0,0,0,0,0,1,20130701,20151231
775,0,0,0,0,0,0,1,20130701,20151231
776,0,0,0,0,0,0,1,20130701,20151231
777,0,0,0,0,0,0,1,20130701,20151231
778,0,0,0,0,0,0,1,20130701,20151231
779,0,0,0,0,0,0,1,20130701,20151231
780,0,0,0,0,0,0,1,20130701,20151231
781,0,0,0,0,0,0,1,20130701,20151231
782,0,0,0,0,0,0,1,20130701,20151231
783,0,0,0,0,0,0,1,20130701,20151231
784,0,0,0,0,0,0,1,20130701,20151231
785,0,0,0,0,0,0,1,20130701,20151231
786,0,0,0,0,0,0,1,20130701,20151231
787,0,0,0,0,0,0,1,20130701,20151231
788,0,0,0,0,0,0,1,20130701,20151231
789,0,0,0,0,0,0,1,20130701,20151231
790,0,0,0,0,0,0,1,20130701,20151231
791,1,1,1,1,1,1,0,20130701,20151231
792,1,1,1,1,1,1,0,20130701,20151231
793,1,1,1,1,1,1,0,20130701,20151231
794,1,1,1,1,1,1,0,20130701,20151231
795,0,0,0,0,0,0,1,20130701,20151231
796,0,0,0,0,0,0,1,20130701,20151231
797,0,0,0,0,0,0,1,20130701,20151231
798,1,1,1,1,1,1,0,20130701,20151231
799,1,1,1,1,1,1,0,20130701,20151231
800,1,1,1,1,1,1,0,20130701,20151231
801,1,1,1,1,1,1,0,20130701,20151231
802,1,1,1,1,1,1,0,20130701,20151231
803,1,1,1,1,1,1,0,20130701,20151231
804,1,1,1,1,1,1,0,20130701,20151231
805,1,1,1,1,1,1,0,20130701,20151231
806,1,1,1,1,1,1,0,20130701,20151231
807,1,1,1,1,1,1,0,20130701,20151231
808,1,1,1,1,1,1,0,20130701,20151231
809,1,1,1,1,1,1,0,20130701,20151231
810,1,1,1,1,1,1,0,20130701,20151231
811,1,1,1,1,1,1,0,20130701,20151231
812,1,1,1,1,1,1,0,20130701,20151231
813,1,1,1,1,1,1,0,20130701,20151231
814,1,1,1,1,1,1,0,20130701,20151231
815,1,1,1,1,1,1,0,20130701,20151231
816,1,1,1,1,1,1,0,20130701,20151231
817,1,1,1,1,1,1,0,20130701,20151231
818,1,1,1,1,1,1,0,20130701,20151231
819,1,1,1,1,1,1,0,20130701,20151231
820,1,1,1,1,1,1,0,20130701,20151231
821,1,1,1,1,1,1,0,20130701,20151231
822,1,1,1,1,1,1,0,20130701,20151231
823,1,1,1,1,1,1,0,20130701,20151231
824,1,1,1,1,1,1,0,20130701,20151231
825,1,1,1,1,1,1,0,20130701,20151231
826,1,1,1,1,1,1,0,20130701,20151231
827,1,1,1,1,1,1,0,20130701,20151231
828,1,1,1,1,1,1,0,20130701,20151231
829,1,1,1,1,1,1,0,20130701,20151231
830,1,1,1,1,1,1,0,20130701,20151231
831,1,1,1,1,1,1,0,20130701,20151231
832,1,1,1,1,1,1,0,20130701,20151231
833,1,1,1,1,1,1,0,20130701,20151231
834,1,1,1,1,1,1,0,20130701,20151231
835,1,1,1,1,1,1,0,20130701,20151231
836,1,1,1,1,1,1,0,20130701,20151231
837,1,1,1,1,1,1,0,20130701,20151231
838,1,1,1,1,1,1,0,20130701,20151231
839,1,1,1,1,1,1,0,20130701,20151231
840,0,0,0,0,0,0,1,20130701,20151231
841,0,0,0,0,0,0,1,20130701,20151231
842,0,0,0,0,0,0,1,20130701,20151231
843,0,0,0,0,0,0,1,20130701,20151231
844,1,1,1,1,1,1,0,20130701,20151231
845,1,1,1,1,1,1,0,20130701,20151231
846,1,1,1,1,1,1,0,20130701,20151231
847,1,1,1,1,1,1,0,20130701,20151231
848,0,0,0,0,0,0,1,20130701,20151231
849,0,0,0,0,0,0,1,20130701,20151231
850,0,0,0,0,0,0,1,20130701,20151231
851,0,0,0,0,0,0,1,20130701,20151231
852,0,0,0,0,0,0,1,20130701,20151231
853,0,0,0,0,0,0,1,20130701,20151231
854,1,1,1,1,1,1,0,20130701,20151231
855,1,1,1,1,1,1,0,20130701,20151231
856,1,1,1,1,1,1,0,20130701,20151231
857,1,1,1,1,1,1,0,20130701,20151231
858,1,1,1,1,1,1,0,20130701,20151231
859,1,1,1,1,1,1,0,20130701,20151231
860,1,1,1,1,1,1,0,20130701,20151231
861,0,0,0,0,0,0,1,20130701,20151231
862,0,0,0,0,0,0,1,20130701,20151231
863,0,0,0,0,0,0,1,20130701,20151231
864,1,1,1,1,1,1,0,20130701,20151231
865,1,1,1,1,1,1,0,20130701,20151231
866,1,1,1,1,1,1,0,20130701,20151231
867,1,1,1,1,1,1,0,20130701,20151231
868,1,1,1,1,1,1,0,20130701,20151231
869,0,0,0,0,0,0,1,20130701,20151231
870,0,0,0,0,0,0,1,20130701,20151231
871,0,0,0,0,0,0,1,20130701,20151231
872,0,0,0,0,0,0,1,20130701,20151231
873,1,1,1,1,1,1,0,20130701,20151231
874,1,1,1,1,1,1,0,20130701,20151231
875,1,1,1,1,1,1,0,20130701,20151231
876,1,1,1,1,1,1,0,20130701,20151231
877,1,1,1,1,1,1,0,20130701,20151231
878,1,1,1,1,1,1,0,20130701,20151231
879,1,1,1,1,1,1,0,20130701,20151231
880,1,1,1,1,1,1,0,20130701,20151231
881,0,0,0,0,0,0,1,20130701,20151231
882,0,0,0,0,0,0,1,20130701,20151231
883,0,0,0,0,0,0,1,20130701,20151231
884,0,0,0,0,0,0,1,20130701,20151231
885,1,1,1,1,1,1,0,20130701,20151231
886,1,1,1,1,1,1,0,20130701,20151231
887,1,1,1,1,1,1,0,20130701,20151231
888,1,1,1,1,1,1,0,20130701,20151231
889,1,1,1,1,1,1,0,20130701,20151231
890,1,1,1,1,1,1,0,20130701,20151231
891,1,1,1,1,1,1,0,20130701,20151231
892,1,1,1,1,1,1,0,20130701,20151231
893,1,1,1,1,1,1,0,20130701,20151231
894,1,1,1,1,1,1,0,20130701,20151231
895,1,1,1,1,1,1,0,20130701,20151231
896,1,1,1,1,1,1,0,20130701,20151231
897,1,1,1,1,1,1,0,20130701,20151231
898,1,1,1,1,1,1,0,20130701,20151231
899,1,1,1,1,1,1,0,20130701,20151231
900,1,1,1,1,1,1,0,20130701,20151231
901,1,1,1,1,1,1,0,20130701,20151231
902,0,0,0,0,0,0,1,20130701,20151231
903,1,1,1,1,1,1,0,20130701,20151231
904,1,1,1,1,1,1,0,20130701,20151231
905,1,1,1,1,1,1,0,20130701,20151231
906,1,1,1,1,1,1,0,20130701,20151231
907,0,0,0,0,0,0,1,20130701,20151231
908,0,0,0,0,0,0,1,20130701,20151231
909,0,0,0,0,0,0,1,20130701,20151231
910,1,1,1,1,1,1,0,20130701,20151231
911,1,1,1,1,1,1,0,20130701,20151231
912,1,1,1,1,1,1,0,20130701,20151231
913,1,1,1,1,1,1,0,20130701,20151231
914,1,1,1,1,1,1,0,20130701,20151231
915,1,1,1,1,1,1,0,20130701,20151231
916,1,1,1,1,1,1,0,20130701,20151231
917,1,1,1,1,1,1,0,20130701,20151231
918,1,1,1,1,1,1,0,20130701,20151231
919,1,1,1,1,1,1,0,20130701,20151231
920,1,1,1,1,1,1,0,20130701,20151231
921,1,1,1,1,1,1,0,20130701,20151231
922,1,1,1,1,1,1,0,20130701,20151231
923,1,1,1,1,1,1,0,20130701,20151231
924,1,1,1,1,1,1,0,20130701,20151231
925,1,1,1,1,1,1,0,20130701,20151231
926,1,1,1,1,1,1,0,20130701,20151231
927,1,1,1,1,1,1,0,20130701,20151231
928,1,1,1,1,1,1,0,20130701,20151231
929,1,1,1,1,1,1,0,20130701,20151231
930,1,1,1,1,1,1,0,20130701,20151231
931,1,1,1,1,1,1,0,20130701,20151231
932,1,1,1,1,1,1,0,20130701,20151231
933,1,1,1,1,1,1,0,20130701,20151231
934,1,1,1,1,1,1,0,20130701,20151231
935,1,1,1,1,1,1,0,20130701,20151231
936,1,1,1,1,1,1,0,20130701,20151231
937,1,1,1,1,1,1,0,20130701,20151231
938,1,1,1,1,1,1,0,20130701,20151231
939,1,1,1,1,1,1,0,20130701,20151231
940,0,0,0,0,0,0,1,20130701,20151231
941,0,0,0,0,0,0,1,20130701,20151231
942,1,1,1,1,1,1,0,20130701,20151231
943,1,1,1,1,1,1,0,20130701,20151231
944,1,1,1,1,1,1,0,20130701,20151231
945,0,0,0,0,0,0,1,20130701,20151231
946,0,0,0,0,0,0,1,20130701,20151231
947,1,1,1,1,1,1,0,20130701,20151231
948,1,1,1,1,1,1,0,20130701,20151231
949,1,1,1,1,1,1,0,20130701,20151231
950,0,0,0,0,0,0,1,20130701,20151231
951,0,0,0,0,0,0,1,20130701,20151231
952,0,0,0,0,0,0,1,20130701,20151231
953,1,1,1,1,1,1,0,20130701,20151231
954,1,1,1,1,1,1,0,20130701,20151231
955,1,1,1,1,1,1,0,20130701,20151231
956,1,1,1,1,1,1,0,20130701,20151231
957,1,1,1,1,1,1,0,20130701,20151231
958,0,0,0,0,0,0,1,20130701,20151231
959,0,0,0,0,0,0,1,20130701,20151231
960,0,0,0,0,0,0,1,20130701,20151231
961,0,0,0,0,0,0,1,20130701,20151231
962,1,1,1,1,1,1,0,20130701,20151231
963,1,1,1,1,1,1,0,20130701,20151231
964,1,1,1,1,1,1,0,20130701,20151231
965,0,0,0,0,0,0,1,20130701,20151231
966,0,0,0,0,0,0,1,20130701,20151231
967,0,0,0,0,0,0,1,20130701,20151231
968,1,1,1,1,1,1,0,20130701,20151231
969,1,1,1,1,1,1,0,20130701,20151231
970,1,1,1,1,1,1,0,20130701,20151231
971,1,1,1,1,1,1,0,20130701,20151231
972,1,1,1,1,1,1,0,20130701,20151231
977,0,0,0,0,1,0,0,20140801,20151231
978,0,0,0,0,0,0,1,20140101,20151231
980,1,0,0,0,0,0,0,20130901,20151231
981,0,0,0,0,1,0,0,20130901,20151231
982,0,0,0,0,0,0,1,20130901,20151231
983,1,0,0,0,0,0,0,20130901,20151231
984,0,0,0,0,1,0,0,20130901,20151231
985,0,0,0,0,0,0,1,20130901,20151231
986,0,0,1,0,0,0,0,20130901,20151231
987,0,0,0,0,1,0,0,20130901,20151231
988,0,0,0,0,0,0,1,20130901,20151231
989,0,0,1,0,0,0,0,20130901,20151231
990,0,0,0,0,1,0,0,20130901,20151231
991,0,0,0,0,0,0,1,20130901,20151231
992,1,0,0,0,0,0,0,20130901,20151231
993,1,0,0,0,0,0,0,20130901,20151231
994,0,0,1,0,0,0,0,20130901,20151231
995,0,0,1,0,0,0,0,20130901,20151231
996,0,0,0,0,1,0,0,20130901,20151231
997,0,0,0,0,1,0,0,20130901,20151231
998,1,0,0,0,0,0,0,20130901,20151231
999,1,0,0,0,0,0,0,20130901,20151231
1000,0,0,1,0,0,0,0,20130901,20151231
1001,0,0,1,0,0,0,0,20130901,20151231
1002,0,0,0,0,1,0,0,20130901,20151231
1003,0,0,0,0,1,0,0,20130901,20151231
1004,0,1,0,1,0,0,0,20130901,20151231
1005,0,1,0,1,0,0,0,20130901,20151231
1006,0,0,0,0,1,0,0,20130901,20151231
1008,0,1,0,1,0,0,0,20130901,20151231
1009,0,1,0,1,0,0,0,20130901,20151231
1010,0,0,0,0,1,0,0,20130901,20151231
1011,1,0,0,0,0,0,0,20130901,20151231
1012,0,0,0,0,1,0,0,20130901,20151231
1013,1,0,0,0,0,0,0,20130901,20151231
1015,0,0,0,0,1,0,0,20130901,20151231
1016,0,0,1,0,0,0,0,20130901,20151231
1017,0,0,1,0,0,0,0,20130901,20151231
1018,1,0,0,0,0,0,0,20130901,20151231
1019,0,0,0,0,1,0,0,20130901,20151231
1020,1,0,0,0,0,0,0,20130901,20151231
1021,0,0,0,0,1,0,0,20130901,20151231
1022,0,0,1,0,0,0,0,20130901,20151231
1023,0,0,1,0,0,0,0,20130901,20151231
1024,0,0,1,0,0,0,0,20130901,20151231
1025,0,0,0,0,1,0,0,20130901,20151231
1026,0,0,0,0,0,0,1,20130901,20151231
1027,0,0,1,0,0,0,0,20130901,20151231
1028,0,0,0,0,1,0,0,20130901,20151231
1029,0,0,0,0,0,0,1,20130901,20151231
1030,1,1,1,1,0,0,0,20130901,20151231
1031,0,0,0,0,1,0,0,20130901,20151231
1032,0,0,0,0,0,0,1,20130901,20151231
1033,1,1,1,1,0,0,0,20130901,20151231
1034,0,0,0,0,1,0,0,20130901,20151231
1035,0,0,0,0,0,0,1,20130901,20151231
1036,1,1,1,1,1,1,0,20131001,20151231
1037,1,1,1,1,1,1,0,20131001,20151231
1038,1,1,1,1,1,1,0,20131001,20151231
1039,1,1,1,1,1,1,0,20131001,20151231
1040,1,1,1,1,1,1,0,20131001,20151231
1041,0,0,0,0,0,0,1,20131001,20151231
1042,1,1,1,1,1,1,0,20131001,20151231
1043,1,1,1,1,1,1,0,20131001,20151231
1044,0,0,0,0,0,0,1,20131001,20151231
1045,1,1,1,1,1,1,0,20131001,20151231
1046,1,1,1,1,1,1,0,20131001,20151231
1047,1,1,1,1,1,1,0,20131001,20151231
1048,0,0,0,0,0,0,1,20131001,20151231
1049,0,0,0,0,0,0,1,20131001,20151231
1050,0,0,0,0,0,0,1,20131001,20151231
1051,0,0,0,0,0,0,1,20131001,20151231
1052,0,0,0,0,0,0,1,20131001,20151231
1053,0,0,0,0,0,0,1,20131001,20151231
1054,0,0,0,0,0,0,1,20131001,20151231
1055,0,0,0,0,0,0,1,20131001,20151231
1056,0,0,0,0,0,0,1,20131001,20151231
1057,0,0,0,0,0,0,1,20131001,20151231
1058,1,1,1,1,1,1,1,20131001,20151231
1059,1,1,1,1,1,1,1,20131001,20151231
1060,1,1,1,1,1,1,1,20131001,20151231
1061,1,1,1,1,1,1,1,20131001,20151231
1062,1,1,1,1,1,1,1,20131001,20151231
1063,1,1,1,1,1,1,1,20131001,20151231
1064,1,1,1,1,1,1,1,20131001,20151231
1065,1,1,1,1,1,1,1,20131001,20151231
1066,1,1,1,1,1,1,0,20131001,20151231
1067,1,1,1,1,1,1,0,20131001,20151231
1068,1,1,1,1,1,1,0,20131001,20151231
1069,1,1,1,1,1,1,0,20131001,20151231
1070,1,1,1,1,1,1,0,20131001,20151231
1071,1,1,1,1,1,1,0,20131001,20151231
1072,1,1,1,1,1,1,0,20131001,20151231
1073,1,1,1,1,1,1,0,20131001,20151231
1074,1,1,1,1,1,0,0,20131001,20151231
1075,1,1,1,1,1,0,0,20131001,20151231
1076,0,0,0,0,0,0,1,20131001,20151231
1077,0,0,0,0,0,0,1,20131001,20151231
1078,0,0,0,0,0,0,1,20131001,20151231
1079,0,0,0,0,0,0,1,20131001,20151231
1080,0,0,0,0,0,0,1,20131001,20151231
1081,0,0,0,0,0,0,1,20131001,20151231
1082,0,0,0,0,0,0,1,20131001,20151231
1084,1,1,1,1,1,1,1,20131001,20151231
1085,1,1,1,1,1,1,1,20131001,20151231
1086,1,1,1,1,1,1,1,20131001,20151231
1087,1,1,1,1,1,1,1,20131001,20151231
1088,1,1,1,1,1,1,1,20131001,20151231
1089,1,1,1,1,1,1,1,20131001,20151231
1090,1,1,1,1,1,1,1,20131001,20151231
1091,1,1,1,1,1,1,1,20131001,20151231
1092,1,1,1,1,1,1,0,20131001,20151231
1093,1,1,1,1,1,1,0,20131001,20151231
1094,1,1,1,1,1,1,0,20131001,20151231
1095,1,1,1,1,1,1,0,20131001,20151231
1096,1,1,1,1,1,1,0,20131001,20151231
1097,1,1,1,1,1,1,0,20131001,20151231
1098,1,1,1,1,1,1,0,20131001,20151231
1099,1,1,1,1,1,1,0,20131001,20151231
1100,1,1,1,1,1,1,0,20131001,20151231
1101,1,1,1,1,1,1,0,20131001,20151231
1102,1,1,1,1,1,1,0,20131001,20151231
1103,1,1,1,1,1,1,0,20131001,20151231
1104,1,1,1,1,1,1,0,20131001,20151231
1105,1,1,1,1,1,1,0,20131001,20151231
1106,1,1,1,1,1,1,0,20131001,20151231
1107,1,1,1,1,1,1,0,20131001,20151231
1108,1,1,1,1,1,0,0,20131001,20151231
1109,1,1,1,1,1,0,0,20131001,20151231
1110,1,1,1,1,1,0,0,20131001,20151231
1111,1,1,1,1,1,0,0,20131001,20151231
1112,0,0,0,0,0,1,0,20131001,20151231
1113,0,0,0,0,0,1,0,20131001,20151231
1114,1,1,1,1,1,1,0,20131001,20151231
1115,1,1,1,1,1,1,0,20131001,20151231
1116,1,1,1,1,1,1,0,20131001,20151231
1117,1,1,1,1,1,1,0,20131001,20151231
1118,1,1,1,1,1,1,0,20131001,20151231
1119,1,1,1,1,1,1,0,20131001,20151231
1120,0,0,0,0,0,0,1,20131001,20151231
1121,1,1,1,1,1,1,0,20131001,20151231
1122,1,1,1,1,1,1,0,20131001,20151231
1123,0,0,0,0,0,0,1,20131001,20151231
1124,1,1,1,1,1,1,0,20131001,20151231
1125,0,0,0,0,0,0,1,20131001,20151231
1126,1,1,1,1,1,1,0,20131001,20151231
1127,0,0,0,0,0,0,1,20131001,20151231
1128,1,1,1,1,1,1,0,20131001,20151231
1129,0,0,0,0,0,0,1,20131001,20151231
1130,1,1,1,1,1,1,0,20131001,20151231
1131,0,0,0,0,0,0,1,20131001,20151231
1132,1,1,1,1,1,1,0,20131001,20151231
1133,1,1,1,1,1,1,0,20131001,20151231
1134,1,1,1,1,1,1,0,20131001,20151231
1135,1,1,1,1,1,1,0,20131001,20151231
1136,1,1,1,1,1,1,0,20131001,20151231
1137,1,1,1,1,1,1,0,20131001,20151231
1138,1,1,1,1,1,1,0,20131001,20151231
1139,1,1,1,1,1,1,0,20131001,20151231
1140,1,1,1,1,1,1,0,20131001,20151231
1141,1,1,1,1,1,1,0,20131001,20151231
1142,1,1,1,1,1,1,0,20131001,20151231
1143,1,1,1,1,1,1,0,20131001,20151231
1144,1,1,1,1,1,1,0,20131001,20151231
1145,1,1,1,1,1,1,0,20131001,20151231
1146,1,1,1,1,1,1,0,20131001,20151231
1147,0,0,0,0,0,0,1,20131001,20151231
1148,0,0,0,0,0,0,1,20131001,20151231
1149,0,0,0,0,0,0,1,20131001,20151231
1150,0,0,0,0,0,0,1,20131001,20151231
1151,0,0,0,0,0,0,1,20131001,20151231
1152,0,0,0,0,0,0,1,20131001,20151231
1153,0,0,0,0,0,0,1,20131001,20151231
1154,0,0,0,0,0,0,1,20131001,20151231
1155,0,0,0,0,0,0,1,20131001,20151231
1156,1,1,1,1,1,1,0,20131001,20151231
1157,1,1,1,1,1,1,0,20131001,20151231
1158,1,1,1,1,1,1,0,20131001,20151231
1159,1,1,1,1,1,1,0,20131001,20151231
1160,1,1,1,1,1,1,0,20131001,20151231
1161,1,1,1,1,1,1,0,20131001,20151231
1162,1,1,1,1,1,1,0,20131001,20151231
1163,1,1,1,1,1,1,0,20131001,20151231
1164,1,1,1,1,1,1,0,20131001,20151231
1165,1,1,1,1,1,1,0,20131001,20151231
1166,1,1,1,1,1,1,0,20131001,20151231
1167,1,1,1,1,1,1,0,20131001,20151231
1168,1,1,1,1,1,1,0,20131001,20151231
1169,1,1,1,1,1,1,0,20131001,20151231
1170,0,0,0,0,0,0,1,20131001,20151231
1171,0,0,0,0,0,0,1,20131001,20151231
1172,0,0,0,0,0,0,1,20131001,20151231
1173,0,0,0,0,0,0,1,20131001,20151231
1174,0,0,0,0,0,0,1,20131001,20151231
1175,0,0,0,0,0,0,1,20131001,20151231
1176,0,0,0,0,0,0,1,20131001,20151231
1177,0,0,0,0,0,0,1,20131001,20151231
1178,0,0,0,0,0,0,1,20131001,20151231
1179,0,0,0,0,0,0,1,20131001,20151231
1180,0,0,0,0,0,0,1,20131001,20151231
1181,0,0,0,0,0,0,1,20131001,20151231
1182,1,1,1,1,1,1,0,20131001,20151231
1183,1,1,1,1,1,1,0,20131001,20151231
1184,1,1,1,1,1,1,0,20131001,20151231
1185,1,1,1,1,1,1,0,20131001,20151231
1186,1,1,1,1,1,1,0,20131001,20151231
1187,1,1,1,1,1,1,0,20131001,20151231
1188,0,0,0,0,0,0,1,20131001,20151231
1189,0,0,0,0,0,0,1,20131001,20151231
1190,0,0,0,0,0,0,1,20131001,20151231
1191,1,1,1,1,1,1,0,20131001,20151231
1192,1,1,1,1,1,1,0,20131001,20151231
1193,1,1,1,1,1,1,0,20131001,20151231
1194,1,1,1,1,1,1,0,20131001,20151231
1195,1,1,1,1,1,1,0,20131001,20151231
1196,1,1,1,1,1,1,0,20131001,20151231
1197,1,1,1,1,1,1,0,20130701,20151231
1198,1,1,1,1,1,1,0,20130701,20151231
1199,1,1,1,1,1,1,0,20130701,20151231
1200,1,1,1,1,1,1,0,20130701,20151231
1201,1,1,1,1,1,1,0,20130701,20151231
1202,1,1,1,1,1,1,0,20130701,20151231
1203,1,1,1,1,1,1,0,20130701,20151231
1204,1,1,1,1,1,1,0,20130701,20151231
1206,1,1,1,1,1,1,0,20130701,20151231
1207,1,1,1,1,1,1,0,20130701,20151231
1208,1,1,1,1,1,1,0,20130701,20151231
1209,0,0,0,0,0,0,1,20131001,20151231
1210,0,0,0,0,0,0,1,20131001,20151231
1211,0,0,0,0,0,0,1,20131001,20151231
1212,0,0,0,0,0,0,1,20131001,20151231
1213,0,0,0,0,0,0,1,20131001,20151231
1214,0,0,0,0,0,0,1,20131001,20151231
1215,0,0,0,0,0,0,1,20131001,20151231
1216,0,0,0,0,0,0,1,20131001,20151231
1217,0,0,0,0,0,0,1,20131001,20151231
1218,0,0,0,0,0,0,1,20131001,20151231
1219,0,0,0,0,0,0,1,20131001,20151231
1220,1,1,1,1,1,1,0,20130701,20151231
1221,1,1,1,1,1,1,0,20130701,20151231
1222,0,0,0,0,0,0,1,20131001,20151231
1223,0,0,0,0,0,0,1,20131001,20151231
1224,1,1,1,1,1,1,1,20131001,20151231
1225,1,1,1,1,1,1,1,20131001,20151231
1226,1,1,1,1,1,1,1,20131001,20151231
1227,1,1,1,1,1,1,1,20131001,20151231
1228,1,1,1,1,1,1,1,20131001,20151231
1229,1,1,1,1,1,1,1,20131001,20151231
1230,1,1,1,1,1,1,1,20131001,20151231
1231,1,1,1,1,1,1,1,20131001,20151231
1232,1,1,1,1,1,1,1,20131001,20151231
1233,1,1,1,1,1,1,1,20131001,20151231
1234,1,1,1,1,1,1,1,20131001,20151231
1235,1,1,1,1,1,1,1,20131001,20151231
1236,1,1,1,1,1,1,1,20131001,20151231
1237,1,1,1,1,1,1,1,20131001,20151231
1238,1,1,1,1,1,1,1,20131001,20151231
1239,1,1,1,1,1,1,1,20131001,20151231
1240,1,1,1,1,1,1,1,20131001,20151231
1241,1,1,1,1,1,1,1,20131001,20151231
1242,1,1,1,1,1,1,1,20131001,20151231
1243,1,1,1,1,1,1,1,20131001,20151231
1244,1,1,1,1,1,1,1,20131001,20151231
1245,1,1,1,1,1,1,1,20131001,20151231
1246,1,1,1,1,1,1,1,20131001,20151231
1247,1,1,1,1,1,1,1,20131001,20151231
1248,1,1,1,1,1,1,1,20131001,20151231
1249,1,1,1,1,1,1,1,20131001,20151231
1250,1,1,1,1,1,1,1,20131001,20151231
1251,1,1,1,1,1,1,1,20131001,20151231
1252,1,1,1,1,1,1,1,20131001,20151231
1253,1,1,1,1,1,1,1,20131001,20151231
1254,1,1,1,1,1,1,0,20130701,20151231
1255,0,0,0,0,0,0,1,20131001,20151231
1256,1,1,1,1,1,1,0,20130701,20151231
1257,1,1,1,1,1,1,0,20130701,20151231
1258,1,1,1,1,1,1,0,20130701,20151231
1259,1,1,1,1,1,1,1,20120101,20151231
1260,0,0,0,0,0,0,1,20131001,20151231
1261,1,1,1,1,1,1,1,20120101,20151231
1262,1,1,1,1,1,1,0,20130701,20151231
1263,1,1,1,1,1,1,0,20130701,20151231
1264,1,1,1,1,1,1,0,20130701,20151231
1265,1,1,1,1,1,1,0,20130701,20151231
1266,1,1,1,1,1,1,1,20120101,20151231
1267,1,1,1,1,1,1,1,20120101,20151231
1268,0,0,0,0,0,0,1,20131001,20151231
1269,1,1,1,1,1,1,1,20120101,20151231
1270,1,1,1,1,1,1,1,20120101,20151231
1271,0,0,0,0,0,0,1,20131001,20151231
1272,1,1,1,1,1,1,0,20130701,20151231
1273,1,1,1,1,1,1,0,20130701,20151231
1274,1,1,1,1,1,1,0,20130701,20151231
1275,1,1,1,1,1,1,0,20130701,20151231
1276,0,0,0,0,0,0,1,20131001,20151231
1277,1,1,1,1,1,1,0,20130701,20151231
1278,1,1,1,1,1,1,0,20130701,20151231
1279,1,1,1,1,1,1,0,20130701,20151231
1280,1,1,1,1,1,1,1,20120101,20151231
1281,0,0,0,0,0,0,1,20131001,20151231
1282,1,1,1,1,1,1,1,20120101,20151231
1283,1,1,1,1,1,1,0,20130701,20151231
1284,1,1,1,1,1,1,0,20130701,20151231
1285,1,1,1,1,1,1,0,20130701,20151231
1286,1,1,1,1,1,1,0,20130701,20151231
1287,1,1,1,1,1,1,1,20120101,20151231
1288,1,1,1,1,1,1,1,20120101,20151231
1289,0,0,0,0,0,0,1,20131001,20151231
1290,1,1,1,1,1,1,1,20120101,20151231
1291,1,1,1,1,1,1,1,20120101,20151231
1292,0,0,0,0,0,0,1,20131001,20151231
1293,1,1,1,1,1,1,0,20130701,20151231
1294,1,1,1,1,1,1,0,20130701,20151231
1295,1,1,1,1,1,1,0,20130701,20151231
1296,1,1,1,1,1,0,0,20131201,20151231
1297,1,1,1,1,1,0,0,20131201,20151231
1298,1,1,1,1,1,0,0,20131201,20151231
1299,1,1,1,1,1,0,0,20131201,20151231
1300,1,1,1,1,1,0,0,20131201,20151231
1301,1,1,1,1,1,0,0,20131201,20151231
1302,0,0,0,0,0,1,0,20131201,20151231
1303,0,0,0,0,0,1,0,20131201,20151231
1304,0,0,0,0,0,1,0,20131201,20151231
1305,0,0,0,0,0,1,0,20131201,20151231
1306,1,1,1,1,1,0,0,20131201,20151231
1307,1,1,1,1,1,0,0,20131201,20151231
1308,1,1,1,1,1,0,0,20131201,20151231
1309,1,1,1,1,1,0,0,20131201,20151231
1310,1,1,1,1,1,0,0,20131201,20151231
1311,1,1,1,1,1,0,0,20131201,20151231
1312,0,0,0,0,0,1,0,20131201,20151231
1313,0,0,0,0,0,1,0,20131201,20151231
1314,0,0,0,0,0,1,0,20131201,20151231
1315,1,1,1,1,1,0,0,20131201,20151231
1316,1,1,1,1,1,0,0,20131201,20151231
1317,1,1,1,1,1,0,0,20131201,20151231
1318,0,0,0,0,0,1,0,20131201,20151231
1319,0,0,0,0,0,1,0,20131201,20151231
1320,1,1,1,1,1,0,0,20131201,20151231
1321,1,1,1,1,1,0,0,20131201,20151231
1322,1,1,1,1,1,0,0,20131201,20151231
1323,0,0,0,0,0,0,1,20131201,20151231
1324,0,0,0,0,0,0,1,20131201,20151231
1325,1,1,1,1,1,0,0,20131201,20151231
1326,0,0,0,0,0,1,0,20131201,20151231
1327,0,0,0,0,0,1,0,20131201,20151231
1328,1,1,1,1,1,0,0,20131201,20151231
1329,1,1,1,1,1,0,0,20131201,20151231
1330,1,1,1,1,1,0,0,20131201,20151231
1331,1,1,1,1,1,0,0,20131201,20151231
1332,1,1,1,1,1,0,0,20131201,20151231
1333,0,0,0,0,0,1,0,20131201,20151231
1334,1,1,1,1,1,0,0,20131201,20151231
1335,1,1,1,1,1,0,0,20131201,20151231
1336,1,1,1,1,1,0,0,20131201,20151231
1337,1,1,1,1,1,0,0,20131201,20151231
1338,0,0,0,0,0,1,0,20131201,20151231
1339,1,1,1,1,1,0,0,20131201,20151231
1340,0,0,0,0,0,1,0,20131201,20151231
1341,1,1,1,1,1,0,0,20131201,20151231
1342,0,0,0,0,0,0,1,20131201,20151231
1343,0,0,0,0,0,0,1,20131201,20151231
1344,1,1,1,1,1,0,0,20131201,20151231
1345,0,0,0,0,0,1,0,20131201,20151231
1353,1,1,1,1,1,0,0,20150416,20151231
1354,0,0,0,0,0,1,0,20150416,20151231
1355,0,0,0,0,0,0,1,20150416,20151231
1356,1,1,1,1,1,0,0,20150416,20151231
1357,0,0,0,0,0,1,0,20150416,20151231
1358,0,0,0,0,0,0,1,20150416,20151231
