Cargando datos de Diccionario (GTFS_Transantiago_22_01_2019\routes.txt)... 0.0002(min)
Cargando datos de Rutas (GTFS_Transantiago_22_01_2019\shapes.txt)... 0.0630333(min)
 Cargando red de Paraderos... 
Proceso X : Correccion de paradas misma posicion... 0.0490167(min)
0.05175(min)
Cargando datos de Secuencia de Paraderos (GTFS_Transantiago_22_01_2019\stop_times.txt)... 0.195367(min)
Cargando datos de Diccionario (GTFS_Transantiago_22_01_2019\routes.txt)... 0.0002(min)
Cargando datos de Secuencia de frecuencias (GTFS_Transantiago_22_01_2019\frequencies.txt)... 
Cargando datos de Secuencia de Paraderos (GTFS_Transantiago_22_01_2019\stop_times.txt)... 86400
86400
86400
86400
86400
86400
73800
73800
86400
86400
86400
86400
86400
86400
86400
86400
86400
86400
86400
86400
86400
23400
34200
86400
86400
86400
86400
86400
86400
86400
86400
86400
86400
86400
86400
34200
86400
86400
86400
86400
86400
86400
86400
86400
86400
86400
86400
73800
73800
86400
86400
86400
86400
86400
86400
86400
86400
86400
86400
86400
86400
19800
19800
19800
19800
19800
19800
86400
86400
86400
86400
86400
86400
75600
77400
73800
75600
77400
73800
86400
86400
86400
86400
86400
86400
19800
19800
19800
19800
19800
19800
86400
86400
86400
86400
34200
86400
86400
73800
73800
34200
77400
75600
77400
73800
75600
77400
73800
86400
86400
86400
86400
34200
86400
86400
86400
86400
86400
82800
82800
82800
82800
82800
82800
77400
86400
86400
86400
86400
86400
86400
86400
86400
86400
86400
86400
86400
86400
86400
86400
86400
86400
86400
86400
86400
86400
86400
86400
86400
82800
82800
82800
82800
82800
82800
34200
73800
73800
86400
86400
86400
86400
86400
86400
82800
86400
82800
82800
86400
82800
77400
77400
86400
86400
86400
86400
86400
86400
77400
77400
86400
86400
86400
86400
86400
86400
19800
19800
19800
19800
19800
19800
77400
77400
86400
86400
86400
86400
86400
86400
77400
77400
86400
86400
86400
86400
86400
86400
77400
77400
82800
82800
86400
86400
86400
86400
86400
86400
82800
82800
86400
86400
86400
86400
86400
86400
82800
82800
86400
86400
86400
86400
86400
86400
86400
86400
86400
86400
86400
86400
86400
86400
86400
86400
86400
86400
86400
86400
86400
23400
34200
86400
86400
86400
86400
86400
86400
86400
86400
86400
86400
86400
86400
86400
86400
86400
86400
86400
86400
86400
73800
73800
77400
30600
77400
73800
73800
86400
86400
86400
86400
86400
86400
86400
34200
86400
86400
82800
82800
82800
82800
82800
86400
86400
86400
86400
86400
86400
86400
86400
86400
86400
86400
86400
86400
86400
86400
86400
23400
34200
86400
86400
86400
82800
86400
86400
82800
86400
86400
86400
86400
86400
86400
86400
86400
86400
86400
86400
86400
86400
19800
19800
19800
19800
19800
19800
19800
19800
19800
19800
19800
19800
82800
82800
86400
86400
86400
86400
86400
86400
86400
34200
86400
86400
82800
23400
34200
82800
82800
73800
34200
77400
77400
86400
86400
86400
86400
86400
86400
19800
19800
19800
19800
19800
19800
77400
73800
86400
86400
86400
86400
86400
86400
77400
77400
86400
86400
86400
86400
86400
86400
86400
86400
86400
77400
77400
86400
86400
86400
86400
86400
86400
86400
86400
34200
34200
77400
86400
86400
86400
86400
86400
82800
23400
34200
63000
77400
86400
82800
82800
34200
63000
77400
86400
82800
82800
82800
82800
82800
82800
82800
86400
86400
86400
86400
86400
86400
86400
82800
86400
86400
82800
86400
86400
86400
86400
86400
23400
34200
86400
86400
86400
82800
86400
86400
82800
86400
86400
86400
86400
86400
23400
34200
86400
86400
19800
19800
19800
19800
19800
19800
86400
82800
86400
86400
82800
86400
86400
86400
86400
82800
86400
86400
82800
86400
86400
86400
86400
86400
86400
86400
77400
77400
86400
86400
86400
86400
86400
86400
86400
23400
34200
86400
86400
86400
86400
86400
86400
86400
86400
86400
86400
86400
73800
77400
86400
86400
86400
86400
86400
86400
73800
77400
86400
82800
86400
82800
73800
82800
73800
86400
86400
82800
86400
86400
82800
86400
86400
86400
86400
86400
86400
86400
86400
86400
86400
86400
86400
86400
86400
86400
86400
86400
63000
77400
86400
86400
86400
86400
86400
86400
86400
86400
86400
86400
86400
86400
86400
86400
34200
77400
34200
34200
77400
34200
77400
34200
77400
86400
82800
86400
86400
63000
77400
86400
86400
86400
86400
86400
86400
86400
77400
34200
77400
86400
86400
86400
86400
86400
86400
82800
34200
86400
86400
86400
86400
86400
86400
86400
86400
86400
86400
86400
86400
86400
86400
86400
86400
86400
86400
86400
86400
86400
86400
86400
86400
82800
86400
86400
82800
86400
19800
86400
23400
77400
86400
23400
82800
19800
86400
23400
77400
86400
23400
82800
77400
77400
77400
77400
86400
86400
86400
86400
63000
77400
86400
86400
63000
45000
77400
86400
86400
73800
73800
77400
19800
19800
19800
19800
19800
19800
86400
86400
86400
86400
86400
86400
86400
86400
86400
82800
82800
82800
86400
86400
86400
86400
86400
86400
30600
77400
86400
23400
34200
86400
86400
86400
86400
86400
86400
86400
86400
86400
86400
86400
86400
23400
34200
86400
86400
86400
63000
77400
86400
86400
86400
86400
86400
86400
86400
86400
77400
77400
86400
86400
86400
86400
86400
86400
86400
86400
86400
86400
86400
86400
77400
73800
86400
23400
34200
86400
86400
86400
63000
77400
86400
86400
86400
86400
86400
86400
23400
34200
86400
86400
86400
34200
86400
86400
86400
86400
86400
86400
86400
86400
86400
86400
86400
86400
23400
34200
86400
86400
86400
86400
86400
63000
86400
34200
86400
86400
86400
34200
63000
77400
86400
86400
77400
34200
19800
19800
19800
19800
19800
19800
86400
23400
34200
86400
86400
86400
86400
86400
82800
34200
82800
82800
82800
82800
82800
86400
86400
86400
86400
86400
86400
82800
34200
82800
82800
75600
77400
82800
19800
19800
19800
19800
19800
19800
30600
86400
86400
86400
86400
86400
86400
86400
86400
86400
86400
86400
86400
86400
86400
86400
86400
86400
86400
19800
19800
19800
19800
19800
19800
86400
86400
86400
86400
86400
86400
86400
86400
86400
86400
86400
86400
86400
86400
86400
86400
86400
86400
86400
86400
86400
86400
86400
86400
86400
86400
86400
86400
86400
86400
86400
86400
86400
86400
86400
86400
86400
86400
86400
86400
86400
86400
86400
86400
86400
86400
86400
86400
86400
86400
86400
86400
86400
86400
86400
86400
86400
86400
23400
34200
86400
86400
86400
86400
86400
82800
86400
82800
86400
86400
82800
86400
86400
86400
86400
86400
86400
86400
86400
86400
86400
86400
86400
86400
86400
82800
86400
86400
82800
86400
86400
86400
86400
86400
86400
86400
86400
82800
86400
86400
82800
86400
73800
73800
86400
86400
86400
86400
86400
86400
86400
86400
86400
86400
86400
86400
86400
86400
86400
86400
86400
86400
86400
86400
86400
86400
86400
86400
86400
86400
86400
86400
86400
86400
86400
86400
86400
86400
86400
86400
86400
82800
86400
86400
82800
86400
86400
86400
86400
86400
86400
86400
86400
86400
86400
86400
82800
86400
86400
86400
86400
73800
73800
19800
19800
19800
19800
19800
19800
19800
19800
19800
19800
19800
19800
86400
86400
86400
86400
86400
86400
77400
77400
86400
23400
34200
86400
86400
86400
23400
34200
86400
86400
82800
34200
77400
82800
82800
34200
77400
82800
86400
86400
86400
86400
86400
86400
73800
73800
82800
82800
82800
82800
34200
82800
82800
86400
86400
86400
86400
23400
34200
86400
86400
86400
86400
86400
86400
23400
34200
86400
86400
82800
34200
82800
82800
86400
34200
86400
86400
82800
82800
82800
82800
82800
82800
86400
86400
86400
86400
86400
86400
73800
73800
86400
86400
86400
86400
86400
86400
86400
82800
82800
82800
82800
82800
82800
77400
82800
82800
77400
82800
86400
86400
86400
86400
86400
86400
82800
82800
82800
86400
82800
86400
86400
86400
86400
86400
86400
86400
82800
77400
82800
82800
77400
82800
86400
86400
86400
82800
82800
82800
82800
77400
82800
82800
77400
82800
86400
86400
86400
86400
86400
86400
86400
86400
86400
82800
82800
86400
82800
34200
82800
82800
34200
82800
82800
86400
23400
34200
86400
86400
86400
63000
77400
86400
86400
86400
23400
34200
86400
86400
86400
86400
86400
73800
73800
86400
86400
86400
86400
63000
77400
86400
86400
86400
86400
86400
86400
86400
86400
34200
34200
86400
86400
86400
86400
86400
86400
34200
34200
86400
63000
77400
86400
86400
86400
23400
34200
86400
86400
19800
19800
19800
19800
19800
19800
86400
23400
34200
86400
86400
86400
23400
34200
86400
86400
86400
86400
86400
86400
86400
86400
86400
86400
86400
86400
86400
86400
86400
82800
86400
86400
82800
86400
86400
86400
86400
86400
86400
86400
86400
86400
86400
86400
86400
86400
86400
86400
86400
86400
86400
86400
86400
86400
86400
86400
86400
86400
77400
77400
86400
63000
77400
86400
86400
86400
23400
34200
63000
77400
86400
86400
63000
86400
86400
86400
86400
86400
86400
86400
82800
86400
86400
82800
86400
19800
86400
23400
77400
86400
23400
82800
19800
86400
23400
77400
86400
23400
82800
86400
86400
86400
86400
86400
86400
86400
34200
82800
86400
86400
82800
86400
86400
34200
82800
86400
86400
82800
86400
86400
82800
86400
86400
82800
86400
86400
63000
77400
86400
86400
34200
82800
86400
86400
86400
86400
86400
86400
86400
86400
86400
86400
86400
86400
86400
86400
86400
86400
86400
86400
86400
86400
86400
86400
86400
63000
77400
86400
86400
34200
82800
86400
86400
34200
82800
86400
86400
63000
77400
86400
82800
82800
82800
82800
82800
82800
86400
86400
86400
86400
86400
86400
86400
82800
86400
86400
82800
86400
86400
82800
86400
86400
82800
86400
86400
86400
86400
86400
86400
86400
82800
86400
86400
86400
86400
86400
86400
86400
86400
86400
86400
86400
86400
77400
77400
86400
82800
86400
86400
82800
86400
86400
86400
86400
86400
86400
86400
86400
86400
86400
86400
86400
86400
86400
86400
86400
86400
86400
86400
86400
86400
86400
86400
86400
86400
86400
86400
86400
86400
86400
86400
86400
86400
86400
86400
86400
86400
86400
86400
86400
77400
77400
86400
86400
86400
86400
86400
86400
73800
73800
86400
86400
86400
86400
86400
86400
86400
86400
86400
86400
86400
86400
86400
86400
86400
86400
86400
86400
86400
86400
86400
86400
86400
86400
86400
86400
86400
86400
86400
86400
86400
82800
86400
86400
82800
86400
86400
86400
86400
86400
86400
86400
86400
86400
86400
86400
86400
86400
86400
82800
86400
86400
34200
82800
86400
34200
77400
34200
77400
82800
82800
77400
82800
19800
19800
19800
19800
19800
19800
86400
86400
86400
86400
86400
86400
19800
19800
19800
19800
19800
19800
86400
86400
86400
86400
86400
86400
73800
73800
86400
86400
86400
86400
86400
86400
86400
82800
86400
86400
82800
86400
86400
23400
77400
86400
23400
82800
86400
77400
86400
82800
86400
86400
86400
86400
86400
86400
19800
86400
23400
77400
86400
23400
82800
19800
86400
23400
77400
86400
23400
82800
86400
82800
86400
86400
82800
86400
86400
86400
86400
86400
86400
86400
86400
82800
86400
86400
82800
86400
86400
82800
86400
86400
82800
86400
86400
82800
86400
86400
82800
86400
86400
86400
86400
86400
86400
86400
86400
23400
77400
86400
82800
86400
23400
77400
86400
23400
82800
86400
82800
86400
86400
82800
86400
86400
82800
86400
86400
82800
86400
86400
77400
86400
82800
86400
77400
86400
82800
86400
86400
86400
86400
86400
86400
86400
86400
86400
86400
86400
86400
86400
23400
77400
86400
23400
82800
86400
23400
77400
86400
23400
82800
86400
86400
86400
86400
86400
86400
86400
86400
86400
86400
86400
86400
86400
86400
86400
86400
86400
86400
86400
86400
86400
86400
86400
86400
86400
34200
82800
86400
86400
82800
86400
86400
82800
86400
86400
82800
86400
86400
86400
86400
86400
86400
86400
86400
86400
86400
86400
86400
86400
86400
86400
86400
86400
34200
86400
86400
86400
82800
86400
86400
82800
86400
86400
86400
86400
86400
23400
34200
86400
86400
86400
86400
86400
86400
86400
86400
86400
23400
34200
86400
86400
86400
86400
86400
86400
86400
86400
86400
86400
86400
19800
73800
19800
19800
73800
19800
86400
82800
86400
86400
82800
86400
86400
86400
86400
86400
86400
86400
86400
82800
86400
86400
82800
86400
19800
19800
19800
19800
19800
19800
86400
86400
86400
86400
86400
86400
73800
73800
86400
86400
86400
86400
86400
86400
19800
19800
19800
19800
19800
19800
86400
86400
86400
86400
86400
86400
86400
86400
86400
86400
82800
86400
86400
86400
86400
86400
86400
86400
86400
82800
86400
86400
86400
86400
19800
19800
19800
19800
19800
19800
86400
86400
86400
86400
86400
86400
86400
86400
86400
86400
86400
86400
86400
86400
86400
86400
86400
86400
86400
86400
86400
86400
86400
86400
86400
86400
86400
86400
86400
86400
86400
82800
86400
86400
82800
86400
86400
86400
86400
86400
82800
86400
86400
86400
86400
86400
86400
86400
86400
86400
86400
86400
86400
86400
34200
86400
86400
86400
86400
86400
86400
86400
86400
86400
86400
86400
86400
86400
86400
86400
86400
86400
86400
86400
86400
86400
86400
86400
86400
86400
86400
86400
86400
86400
86400
86400
86400
86400
86400
86400
86400
86400
86400
86400
86400
86400
86400
86400
86400
86400
86400
86400
86400
86400
86400
86400
86400
86400
86400
86400
86400
86400
86400
82800
82800
82800
82800
82800
86400
86400
86400
82800
86400
82800
82800
86400
82800
86400
86400
86400
86400
86400
86400
34200
77400
86400
34200
86400
86400
86400
23400
34200
86400
86400
82800
82800
82800
82800
84600
WTF : 84599
84600
WTF : 84599
82800
84600
WTF : 84599
84600
WTF : 84599
82800
84600
WTF : 84599
84600
WTF : 84599
82800
84600
WTF : 84599
84600
WTF : 84599
75599
75599
75599
75599
82800
84600
WTF : 84599
84600
WTF : 84599
82800
84600
WTF : 84599
84600
WTF : 84599
82800
84600
WTF : 84599
84600
WTF : 84599
82800
84600
WTF : 84599
84600
WTF : 84599
75599
75599
75599
75599
82800
84600
WTF : 84599
84600
WTF : 84599
82800
84600
WTF : 84599
84600
WTF : 84599
75599
75599
75599
75599
82800
84600
WTF : 84599
84600
WTF : 84599
82800
84600
WTF : 84599
84600
WTF : 84599
82800
82800
82800
82800
82800
0.0328(min)
 Cargando red de puntos de carga... 
0.000766667(min)
Proceso X : Mejorando extremos de las rutas... Proceso X : Correccion de paradas misma posicion... Construyendo grilla regular....Min : -33.6681 | -70.873
Max : -33.3183 | -70.4926
ddLat : 0.00349779
ddLon : 0.00380391
101
0.0001(min)
Ingresando paradas a grilla regular....3.33333e-05(min)
Ingresando rutas a grilla regular....0.00326667(min)
Ingresando puntos de carga a grilla regular....0(min)
Proceso X : Creando e imprimiendo tabla de paradas... 0.0021(min)
Proceso X : Creando e imprimiendo tabla servicios... ERROR : No se encontro el servicio L1_V45 en la tabla de colores.
ERROR : No se encontro el servicio L4A_V45 en la tabla de colores.
ERROR : No se encontro el servicio L4R_V45 en la tabla de colores.
ERROR : No se encontro el servicio L4V_V45 en la tabla de colores.
ERROR : No se encontro el servicio L4_V45 en la tabla de colores.
ERROR : No se encontro el servicio L5R_V45 en la tabla de colores.
ERROR : No se encontro el servicio L5V_V45 en la tabla de colores.
ERROR : No se encontro el servicio L5_V45 en la tabla de colores.
ERROR : No se encontro el servicio L6_V45 en la tabla de colores.
ERROR : No se encontro el servicio MT_V45 en la tabla de colores.
0.000116667(min)
Proceso X : Creando e imprimiendo tabla servicios... 0.00155(min)
Proceso X : Creando e imprimiendo tabla de distancias en ruta de paradas... 0.0118167(min)
Proceso X : Creando e imprimiendo tabla de rutas tramadas... 0.153983(min)
Proceso X : Creando e imprimiendo tabla de rutas simplificadas... 0.00508333(min)
Proceso X : Creando e imprimiendo tabla servicios... 0.00345(min)
Proceso X : Creando e imprimiendo tabla servicios para Android... ERROR : No se encontro el servicio L1_V45 en la tabla de colores.
ERROR : No se encontro el servicio L4A_V45 en la tabla de colores.
ERROR : No se encontro el servicio L4R_V45 en la tabla de colores.
ERROR : No se encontro el servicio L4V_V45 en la tabla de colores.
ERROR : No se encontro el servicio L4_V45 en la tabla de colores.
ERROR : No se encontro el servicio L5R_V45 en la tabla de colores.
ERROR : No se encontro el servicio L5V_V45 en la tabla de colores.
ERROR : No se encontro el servicio L5_V45 en la tabla de colores.
ERROR : No se encontro el servicio L6_V45 en la tabla de colores.
ERROR : No se encontro el servicio MT_V45 en la tabla de colores.
0.0005(min)
Proceso X : Creando e imprimiendo tabla de puntos de carga... 0.00101667(min)
Proceso X : Creando e imprimiendo tabla de grilla... 0.0017(min)
Proceso  : Visualizaciones en Google-Earth... 0.0234167(min)
Tiempo Total: 0.601933(min)
