service_id,monday,tuesday,wednesday,thursday,friday,saturday,sunday,start_date,end_date
90199,1,1,1,1,1,0,0,20141201,20171201
90200,1,1,1,1,1,0,0,20141201,20171201
90201,1,1,1,1,1,0,0,20141201,20171201
90202,1,1,1,1,1,0,0,20141201,20171201
90203,1,1,1,1,1,0,0,20141201,20171201
90204,1,1,1,1,1,0,0,20141201,20171201
90205,0,0,0,0,0,1,1,20141201,20171201
90206,1,1,1,1,1,0,0,20141201,20171201
90207,1,1,1,1,1,0,0,20141201,20171201
90208,1,1,1,1,1,0,0,20141201,20171201
90209,1,1,1,1,1,0,0,20141201,20171201
90210,1,1,1,1,1,0,0,20141201,20171201
90211,1,1,1,1,1,0,0,20141201,20171201
90212,0,0,0,0,0,1,1,20141201,20171201
90213,1,1,1,1,1,0,0,20141201,20171201
90214,1,1,1,1,1,0,0,20141201,20171201
90215,1,1,1,1,1,0,0,20141201,20171201
90216,1,1,1,1,1,0,0,20141201,20171201
90217,1,1,1,1,1,0,0,20141201,20171201
90218,1,1,1,1,1,0,0,20141201,20171201
90219,0,0,0,0,0,1,1,20141201,20171201
90220,1,1,1,1,1,0,0,20141201,20171201
90221,1,1,1,1,1,0,0,20141201,20171201
90222,1,1,1,1,1,0,0,20141201,20171201
90223,1,1,1,1,1,0,0,20141201,20171201
90224,1,1,1,1,1,0,0,20141201,20171201
90225,1,1,1,1,1,0,0,20141201,20171201
90226,0,0,0,0,0,1,1,20141201,20171201
90365,1,1,1,1,1,0,0,20141201,20171201
90366,1,1,1,1,1,0,0,20141201,20171201
90367,1,1,1,1,1,0,0,20141201,20171201
90368,1,1,1,1,1,0,0,20141201,20171201
90369,1,1,1,1,1,0,0,20141201,20171201
90370,1,1,1,1,1,0,0,20141201,20171201
90371,0,0,0,0,0,1,1,20141201,20171201
90372,1,1,1,1,1,0,0,20141201,20171201
90373,1,1,1,1,1,0,0,20141201,20171201
90374,1,1,1,1,1,0,0,20141201,20171201
90375,1,1,1,1,1,0,0,20141201,20171201
90376,1,1,1,1,1,0,0,20141201,20171201
90377,1,1,1,1,1,0,0,20141201,20171201
90378,0,0,0,0,0,1,1,20141201,20171201
90407,1,1,1,1,1,0,0,20141201,20171201
90408,1,1,1,1,1,0,0,20141201,20171201
90409,1,1,1,1,1,0,0,20141201,20171201
90410,1,1,1,1,1,0,0,20141201,20171201
90411,1,1,1,1,1,0,0,20141201,20171201
90412,1,1,1,1,1,0,0,20141201,20171201
90413,1,1,1,1,1,0,0,20141201,20171201
90414,1,1,1,1,1,0,0,20141201,20171201
90415,1,1,1,1,1,0,0,20141201,20171201
90416,1,1,1,1,1,0,0,20141201,20171201
90417,1,1,1,1,1,0,0,20141201,20171201
90418,1,1,1,1,1,0,0,20141201,20171201
90419,0,0,0,0,0,1,1,20141201,20171201
90420,1,1,1,1,1,0,0,20141201,20171201
90421,1,1,1,1,1,0,0,20141201,20171201
90422,1,1,1,1,1,0,0,20141201,20171201
90423,1,1,1,1,1,0,0,20141201,20171201
90424,1,1,1,1,1,0,0,20141201,20171201
90425,1,1,1,1,1,0,0,20141201,20171201
90426,0,0,0,0,0,1,1,20141201,20171201
90427,1,1,1,1,1,0,0,20141201,20171201
90428,1,1,1,1,1,0,0,20141201,20171201
90429,1,1,1,1,1,0,0,20141201,20171201
90430,1,1,1,1,1,0,0,20141201,20171201
90431,1,1,1,1,1,0,0,20141201,20171201
90432,1,1,1,1,1,0,0,20141201,20171201
90433,0,0,0,0,0,1,1,20141201,20171201
90842,0,0,0,0,0,1,1,20141201,20171201
90434,1,1,1,1,1,0,0,20141201,20171201
90435,1,1,1,1,1,0,0,20141201,20171201
90436,1,1,1,1,1,0,0,20141201,20171201
90437,1,1,1,1,1,0,0,20141201,20171201
90438,1,1,1,1,1,0,0,20141201,20171201
90439,1,1,1,1,1,0,0,20141201,20171201
90440,0,0,0,0,0,1,1,20141201,20171201
90441,1,1,1,1,1,0,0,20141201,20171201
90442,1,1,1,1,1,0,0,20141201,20171201
90443,1,1,1,1,1,0,0,20141201,20171201
90444,1,1,1,1,1,0,0,20141201,20171201
90445,1,1,1,1,1,0,0,20141201,20171201
90446,1,1,1,1,1,0,0,20141201,20171201
91246,0,0,0,0,0,1,1,20141201,20171201
90461,1,1,1,1,1,0,0,20141201,20171201
90462,1,1,1,1,1,0,0,20141201,20171201
90463,1,1,1,1,1,0,0,20141201,20171201
90464,1,1,1,1,1,0,0,20141201,20171201
90465,1,1,1,1,1,0,0,20141201,20171201
90466,1,1,1,1,1,0,0,20141201,20171201
90467,0,0,0,0,0,1,1,20141201,20171201
1612320,0,0,0,0,0,1,1,20141201,20171201
16115046,1,1,1,1,1,0,0,20141201,20171201
16136741,1,1,1,1,1,0,0,20141201,20171201
16147247,1,1,1,1,1,0,0,20141201,20171201
16156858,1,1,1,1,1,0,0,20141201,20171201
16168112,1,1,1,1,1,0,0,20141201,20171201
16182594,1,1,1,1,1,0,0,20141201,20171201
35442353,0,0,0,0,0,1,1,20141201,20171201
243732145,1,1,1,1,1,0,0,20141201,20171201
243750533,1,1,1,1,1,0,0,20141201,20171201
243763694,1,1,1,1,1,0,0,20141201,20171201
243780158,1,1,1,1,1,0,0,20141201,20171201
243782611,1,1,1,1,1,0,0,20141201,20171201
243786469,1,1,1,1,1,0,0,20141201,20171201
243790478,0,0,0,0,0,1,1,20141201,20171201
354421407,1,1,1,1,1,0,0,20141201,20171201
354435759,1,1,1,1,1,0,0,20141201,20171201
354441770,1,1,1,1,1,0,0,20141201,20171201
354461400,1,1,1,1,1,0,0,20141201,20171201
354473362,1,1,1,1,1,0,0,20141201,20171201
354494702,1,1,1,1,1,0,0,20141201,20171201
405421532,1,1,1,1,1,0,0,20141201,20171201
405432345,1,1,1,1,1,0,0,20141201,20171201
405435310,0,0,0,0,0,1,1,20141201,20171201
405437486,1,1,1,1,1,0,0,20141201,20171201
405455354,1,1,1,1,1,0,0,20141201,20171201
405470806,1,1,1,1,1,0,0,20141201,20171201
405473455,1,1,1,1,1,0,0,20141201,20171201
536710352,1,1,1,1,1,0,0,20141201,20171201
536711698,0,0,0,0,0,1,1,20141201,20171201
536741976,1,1,1,1,1,0,0,20141201,20171201
536748682,1,1,1,1,1,0,0,20141201,20171201
536777763,1,1,1,1,1,0,0,20141201,20171201
536785010,1,1,1,1,1,0,0,20141201,20171201
536799477,1,1,1,1,1,0,0,20141201,20171201
90489,1,1,1,1,1,0,0,20141201,20171201
90490,1,1,1,1,1,0,0,20141201,20171201
90491,1,1,1,1,1,0,0,20141201,20171201
90492,1,1,1,1,1,0,0,20141201,20171201
90493,1,1,1,1,1,0,0,20141201,20171201
90494,1,1,1,1,1,0,0,20141201,20171201
90495,0,0,0,0,0,1,1,20141201,20171201
90496,1,1,1,1,1,0,0,20141201,20171201
90497,1,1,1,1,1,0,0,20141201,20171201
90498,1,1,1,1,1,0,0,20141201,20171201
90499,1,1,1,1,1,0,0,20141201,20171201
90500,1,1,1,1,1,0,0,20141201,20171201
90501,1,1,1,1,1,0,0,20141201,20171201
90502,0,0,0,0,0,1,1,20141201,20171201
90648,1,1,1,1,1,0,0,20141201,20171201
90649,1,1,1,1,1,0,0,20141201,20171201
90650,1,1,1,1,1,0,0,20141201,20171201
90651,1,1,1,1,1,0,0,20141201,20171201
90652,1,1,1,1,1,0,0,20141201,20171201
90653,1,1,1,1,1,0,0,20141201,20171201
90654,0,0,0,0,0,1,1,20141201,20171201
90655,1,1,1,1,1,0,0,20141201,20171201
90656,1,1,1,1,1,0,0,20141201,20171201
90657,1,1,1,1,1,0,0,20141201,20171201
90658,1,1,1,1,1,0,0,20141201,20171201
90659,1,1,1,1,1,0,0,20141201,20171201
90660,1,1,1,1,1,0,0,20141201,20171201
90661,0,0,0,0,0,1,1,20141201,20171201
90662,1,1,1,1,1,0,0,20141201,20171201
90663,1,1,1,1,1,0,0,20141201,20171201
90664,1,1,1,1,1,0,0,20141201,20171201
90665,1,1,1,1,1,0,0,20141201,20171201
90666,1,1,1,1,1,0,0,20141201,20171201
90667,1,1,1,1,1,0,0,20141201,20171201
90668,0,0,0,0,0,1,1,20141201,20171201
90669,1,1,1,1,1,0,0,20141201,20171201
90670,1,1,1,1,1,0,0,20141201,20171201
90671,1,1,1,1,1,0,0,20141201,20171201
90672,1,1,1,1,1,0,0,20141201,20171201
90673,1,1,1,1,1,0,0,20141201,20171201
90674,1,1,1,1,1,0,0,20141201,20171201
90675,0,0,0,0,0,1,1,20141201,20171201
90676,1,1,1,1,1,0,0,20141201,20171201
90677,1,1,1,1,1,0,0,20141201,20171201
90678,1,1,1,1,1,0,0,20141201,20171201
90679,1,1,1,1,1,0,0,20141201,20171201
90680,1,1,1,1,1,0,0,20141201,20171201
90681,1,1,1,1,1,0,0,20141201,20171201
90682,0,0,0,0,0,1,1,20141201,20171201
90683,1,1,1,1,1,0,0,20141201,20171201
90684,1,1,1,1,1,0,0,20141201,20171201
90685,1,1,1,1,1,0,0,20141201,20171201
90686,1,1,1,1,1,0,0,20141201,20171201
90687,1,1,1,1,1,0,0,20141201,20171201
90688,1,1,1,1,1,0,0,20141201,20171201
90689,0,0,0,0,0,1,1,20141201,20171201
90690,1,1,1,1,1,0,0,20141201,20171201
90691,1,1,1,1,1,0,0,20141201,20171201
90692,1,1,1,1,1,0,0,20141201,20171201
90693,1,1,1,1,1,0,0,20141201,20171201
90694,1,1,1,1,1,0,0,20141201,20171201
90695,1,1,1,1,1,0,0,20141201,20171201
90696,0,0,0,0,0,1,1,20141201,20171201
90704,1,1,1,1,1,0,0,20141201,20171201
90705,1,1,1,1,1,0,0,20141201,20171201
90706,1,1,1,1,1,0,0,20141201,20171201
90707,1,1,1,1,1,0,0,20141201,20171201
90708,1,1,1,1,1,0,0,20141201,20171201
90709,1,1,1,1,1,0,0,20141201,20171201
90710,0,0,0,0,0,1,1,20141201,20171201
90711,1,1,1,1,1,0,0,20141201,20171201
90712,1,1,1,1,1,0,0,20141201,20171201
90713,1,1,1,1,1,0,0,20141201,20171201
90714,1,1,1,1,1,0,0,20141201,20171201
90715,1,1,1,1,1,0,0,20141201,20171201
90716,1,1,1,1,1,0,0,20141201,20171201
90717,0,0,0,0,0,1,1,20141201,20171201
2171169,0,0,0,0,0,1,1,20141201,20171201
217116066,1,1,1,1,1,0,0,20141201,20171201
217131734,1,1,1,1,1,0,0,20141201,20171201
217134931,1,1,1,1,1,0,0,20141201,20171201
217156736,1,1,1,1,1,0,0,20141201,20171201
217171049,1,1,1,1,1,0,0,20141201,20171201
217190163,1,1,1,1,1,0,0,20141201,20171201
90718,1,1,1,1,1,0,0,20141201,20171201
90719,1,1,1,1,1,0,0,20141201,20171201
90720,1,1,1,1,1,0,0,20141201,20171201
90721,1,1,1,1,1,0,0,20141201,20171201
90722,1,1,1,1,1,0,0,20141201,20171201
90723,1,1,1,1,1,0,0,20141201,20171201
90724,0,0,0,0,0,1,1,20141201,20171201
90725,1,1,1,1,1,0,0,20141201,20171201
90726,1,1,1,1,1,0,0,20141201,20171201
90727,1,1,1,1,1,0,0,20141201,20171201
90728,1,1,1,1,1,0,0,20141201,20171201
90729,1,1,1,1,1,0,0,20141201,20171201
90730,1,1,1,1,1,0,0,20141201,20171201
90731,0,0,0,0,0,1,1,20141201,20171201
90732,1,1,1,1,1,0,0,20141201,20171201
90733,1,1,1,1,1,0,0,20141201,20171201
90734,1,1,1,1,1,0,0,20141201,20171201
90735,1,1,1,1,1,0,0,20141201,20171201
90736,1,1,1,1,1,0,0,20141201,20171201
90737,1,1,1,1,1,0,0,20141201,20171201
90738,0,0,0,0,0,1,1,20141201,20171201
90739,1,1,1,1,1,0,0,20141201,20171201
90740,1,1,1,1,1,0,0,20141201,20171201
90741,1,1,1,1,1,0,0,20141201,20171201
90742,1,1,1,1,1,0,0,20141201,20171201
90743,1,1,1,1,1,0,0,20141201,20171201
90744,1,1,1,1,1,0,0,20141201,20171201
90745,0,0,0,0,0,1,1,20141201,20171201
90753,1,1,1,1,1,0,0,20141201,20171201
90754,1,1,1,1,1,0,0,20141201,20171201
90755,1,1,1,1,1,0,0,20141201,20171201
90756,1,1,1,1,1,0,0,20141201,20171201
90757,1,1,1,1,1,0,0,20141201,20171201
90758,1,1,1,1,1,0,0,20141201,20171201
91247,0,0,0,0,0,1,1,20141201,20171201
211516929,1,1,1,1,1,0,0,20141201,20171201
211517745,1,1,1,1,1,0,0,20141201,20171201
211528068,1,1,1,1,1,0,0,20141201,20171201
211572135,1,1,1,1,1,0,0,20141201,20171201
211576640,1,1,1,1,1,0,0,20141201,20171201
211578068,1,1,1,1,1,0,0,20141201,20171201
211582577,0,0,0,0,0,1,1,20141201,20171201
90850,1,1,1,1,1,0,0,20141201,20171201
90851,1,1,1,1,1,0,0,20141201,20171201
90852,1,1,1,1,1,0,0,20141201,20171201
90853,1,1,1,1,1,0,0,20141201,20171201
90854,1,1,1,1,1,0,0,20141201,20171201
90855,1,1,1,1,1,0,0,20141201,20171201
90856,0,0,0,0,0,1,1,20141201,20171201
35677975,1,1,1,1,1,0,0,20141201,20171201
356716358,1,1,1,1,1,0,0,20141201,20171201
356740081,0,0,0,0,0,1,1,20141201,20171201
356742316,1,1,1,1,1,0,0,20141201,20171201
356763417,1,1,1,1,1,0,0,20141201,20171201
356796129,1,1,1,1,1,0,0,20141201,20171201
356798282,1,1,1,1,1,0,0,20141201,20171201
90878,1,1,1,1,1,0,0,20141201,20171201
90879,1,1,1,1,1,0,0,20141201,20171201
90880,1,1,1,1,1,0,0,20141201,20171201
90881,1,1,1,1,1,0,0,20141201,20171201
90882,1,1,1,1,1,0,0,20141201,20171201
90883,0,0,0,0,0,1,1,20141201,20171201
91249,1,1,1,1,1,0,0,20141201,20171201
6636266,1,1,1,1,1,0,0,20141201,20171201
13557215,1,1,1,1,1,0,0,20141201,20171201
40439061,1,1,1,1,1,0,0,20141201,20171201
66317909,1,1,1,1,1,0,0,20141201,20171201
66321273,0,0,0,0,0,1,1,20141201,20171201
66367617,1,1,1,1,1,0,0,20141201,20171201
66383472,1,1,1,1,1,0,0,20141201,20171201
66397439,1,1,1,1,1,0,0,20141201,20171201
66397718,1,1,1,1,1,0,0,20141201,20171201
135542531,1,1,1,1,1,0,0,20141201,20171201
135547848,1,1,1,1,1,0,0,20141201,20171201
135553256,0,0,0,0,0,1,1,20141201,20171201
135553836,1,1,1,1,1,0,0,20141201,20171201
135590374,1,1,1,1,1,0,0,20141201,20171201
135597588,1,1,1,1,1,0,0,20141201,20171201
404344277,1,1,1,1,1,0,0,20141201,20171201
404351287,1,1,1,1,1,0,0,20141201,20171201
404358174,1,1,1,1,1,0,0,20141201,20171201
404373990,1,1,1,1,1,0,0,20141201,20171201
404391018,1,1,1,1,1,0,0,20141201,20171201
404398546,0,0,0,0,0,1,1,20141201,20171201
90884,1,1,1,1,1,0,0,20141201,20171201
90885,1,1,1,1,1,0,0,20141201,20171201
90886,1,1,1,1,1,0,0,20141201,20171201
90887,1,1,1,1,1,0,0,20141201,20171201
90888,1,1,1,1,1,0,0,20141201,20171201
90889,1,1,1,1,1,0,0,20141201,20171201
90890,0,0,0,0,0,1,1,20141201,20171201
90891,1,1,1,1,1,0,0,20141201,20171201
90892,1,1,1,1,1,0,0,20141201,20171201
90893,1,1,1,1,1,0,0,20141201,20171201
90894,1,1,1,1,1,0,0,20141201,20171201
90895,1,1,1,1,1,0,0,20141201,20171201
90896,1,1,1,1,1,0,0,20141201,20171201
90897,0,0,0,0,0,1,1,20141201,20171201
90898,1,1,1,1,1,0,0,20141201,20171201
90899,1,1,1,1,1,0,0,20141201,20171201
90900,1,1,1,1,1,0,0,20141201,20171201
90901,1,1,1,1,1,0,0,20141201,20171201
90902,1,1,1,1,1,0,0,20141201,20171201
90903,1,1,1,1,1,0,0,20141201,20171201
90904,0,0,0,0,0,1,1,20141201,20171201
90905,1,1,1,1,1,0,0,20141201,20171201
90906,1,1,1,1,1,0,0,20141201,20171201
90907,1,1,1,1,1,0,0,20141201,20171201
90908,1,1,1,1,1,0,0,20141201,20171201
90909,1,1,1,1,1,0,0,20141201,20171201
90910,1,1,1,1,1,0,0,20141201,20171201
90911,0,0,0,0,0,1,1,20141201,20171201
90510,1,1,1,1,1,0,0,20141201,20171201
90511,1,1,1,1,1,0,0,20141201,20171201
90512,1,1,1,1,1,0,0,20141201,20171201
90513,1,1,1,1,1,0,0,20141201,20171201
90514,1,1,1,1,1,0,0,20141201,20171201
90515,1,1,1,1,1,0,0,20141201,20171201
90516,0,0,0,0,0,1,1,20141201,20171201
90517,1,1,1,1,1,0,0,20141201,20171201
90518,1,1,1,1,1,0,0,20141201,20171201
90519,1,1,1,1,1,0,0,20141201,20171201
90520,1,1,1,1,1,0,0,20141201,20171201
90521,1,1,1,1,1,0,0,20141201,20171201
90522,1,1,1,1,1,0,0,20141201,20171201
90523,0,0,0,0,0,1,1,20141201,20171201
90524,1,1,1,1,1,0,0,20141201,20171201
90525,1,1,1,1,1,0,0,20141201,20171201
90526,1,1,1,1,1,0,0,20141201,20171201
90527,1,1,1,1,1,0,0,20141201,20171201
90528,1,1,1,1,1,0,0,20141201,20171201
90529,1,1,1,1,1,0,0,20141201,20171201
90530,0,0,0,0,0,1,1,20141201,20171201
13997920,1,1,1,1,1,0,0,20141201,20171201
139923587,0,0,0,0,0,1,1,20141201,20171201
139929791,1,1,1,1,1,0,0,20141201,20171201
139936527,1,1,1,1,1,0,0,20141201,20171201
139965687,1,1,1,1,1,0,0,20141201,20171201
139979611,1,1,1,1,1,0,0,20141201,20171201
139989139,1,1,1,1,1,0,0,20141201,20171201
90940,1,1,1,1,1,0,0,20141201,20171201
90941,1,1,1,1,1,0,0,20141201,20171201
90942,1,1,1,1,1,0,0,20141201,20171201
90943,1,1,1,1,1,0,0,20141201,20171201
90944,1,1,1,1,1,0,0,20141201,20171201
90945,1,1,1,1,1,0,0,20141201,20171201
90946,0,0,0,0,0,1,1,20141201,20171201
90947,1,1,1,1,1,0,0,20141201,20171201
90948,1,1,1,1,1,0,0,20141201,20171201
90949,1,1,1,1,1,0,0,20141201,20171201
90950,1,1,1,1,1,0,0,20141201,20171201
90951,1,1,1,1,1,0,0,20141201,20171201
90952,1,1,1,1,1,0,0,20141201,20171201
90953,0,0,0,0,0,1,1,20141201,20171201
90954,1,1,1,1,1,0,0,20141201,20171201
90955,1,1,1,1,1,0,0,20141201,20171201
90956,1,1,1,1,1,0,0,20141201,20171201
90957,1,1,1,1,1,0,0,20141201,20171201
90958,1,1,1,1,1,0,0,20141201,20171201
90959,1,1,1,1,1,0,0,20141201,20171201
90960,0,0,0,0,0,1,1,20141201,20171201
90961,1,1,1,1,1,0,0,20141201,20171201
90962,1,1,1,1,1,0,0,20141201,20171201
90963,1,1,1,1,1,0,0,20141201,20171201
90964,1,1,1,1,1,0,0,20141201,20171201
90965,1,1,1,1,1,0,0,20141201,20171201
90966,1,1,1,1,1,0,0,20141201,20171201
90967,0,0,0,0,0,1,1,20141201,20171201
90634,1,1,1,1,1,0,0,20141201,20171201
90635,1,1,1,1,1,0,0,20141201,20171201
90636,1,1,1,1,1,0,0,20141201,20171201
90637,1,1,1,1,1,0,0,20141201,20171201
90638,1,1,1,1,1,0,0,20141201,20171201
90639,1,1,1,1,1,0,0,20141201,20171201
90640,0,0,0,0,0,1,1,20141201,20171201
90641,1,1,1,1,1,0,0,20141201,20171201
90642,1,1,1,1,1,0,0,20141201,20171201
90643,1,1,1,1,1,0,0,20141201,20171201
90644,1,1,1,1,1,0,0,20141201,20171201
90645,1,1,1,1,1,0,0,20141201,20171201
90646,1,1,1,1,1,0,0,20141201,20171201
90647,0,0,0,0,0,1,1,20141201,20171201
90975,1,1,1,1,1,0,0,20141201,20171201
90976,1,1,1,1,1,0,0,20141201,20171201
90977,1,1,1,1,1,0,0,20141201,20171201
90978,1,1,1,1,1,0,0,20141201,20171201
90979,1,1,1,1,1,0,0,20141201,20171201
90980,0,0,0,0,0,1,1,20141201,20171201
91250,1,1,1,1,1,0,0,20141201,20171201
51033883,1,1,1,1,1,0,0,20141201,20171201
51036947,1,1,1,1,1,0,0,20141201,20171201
510328202,1,1,1,1,1,0,0,20141201,20171201
510328823,1,1,1,1,1,0,0,20141201,20171201
510336561,0,0,0,0,0,1,1,20141201,20171201
510347472,1,1,1,1,1,0,0,20141201,20171201
510399399,1,1,1,1,1,0,0,20141201,20171201
43356839,1,1,1,1,1,0,0,20141201,20171201
43358431,1,1,1,1,1,0,0,20141201,20171201
43358706,0,0,0,0,0,1,1,20141201,20171201
195111922,1,1,1,1,1,0,0,20141201,20171201
195121491,1,1,1,1,1,0,0,20141201,20171201
195127226,1,1,1,1,1,0,0,20141201,20171201
195130653,0,0,0,0,0,1,1,20141201,20171201
195164109,1,1,1,1,1,0,0,20141201,20171201
195164951,1,1,1,1,1,0,0,20141201,20171201
195178555,1,1,1,1,1,0,0,20141201,20171201
433515379,1,1,1,1,1,0,0,20141201,20171201
433517504,1,1,1,1,1,0,0,20141201,20171201
433559963,1,1,1,1,1,0,0,20141201,20171201
433599321,1,1,1,1,1,0,0,20141201,20171201
90995,1,1,1,1,1,0,0,20141201,20171201
90996,1,1,1,1,1,0,0,20141201,20171201
90997,1,1,1,1,1,0,0,20141201,20171201
90998,1,1,1,1,1,0,0,20141201,20171201
90999,1,1,1,1,1,0,0,20141201,20171201
91000,1,1,1,1,1,0,0,20141201,20171201
91001,0,0,0,0,0,1,1,20141201,20171201
91002,1,1,1,1,1,0,0,20141201,20171201
91003,1,1,1,1,1,0,0,20141201,20171201
91004,1,1,1,1,1,0,0,20141201,20171201
91005,1,1,1,1,1,0,0,20141201,20171201
91006,1,1,1,1,1,0,0,20141201,20171201
91007,1,1,1,1,1,0,0,20141201,20171201
91008,0,0,0,0,0,1,1,20141201,20171201
91009,1,1,1,1,1,0,0,20141201,20171201
91010,1,1,1,1,1,0,0,20141201,20171201
91011,1,1,1,1,1,0,0,20141201,20171201
91012,1,1,1,1,1,0,0,20141201,20171201
91013,1,1,1,1,1,0,0,20141201,20171201
91014,1,1,1,1,1,0,0,20141201,20171201
91015,0,0,0,0,0,1,1,20141201,20171201
91016,1,1,1,1,1,0,0,20141201,20171201
91017,1,1,1,1,1,0,0,20141201,20171201
91018,1,1,1,1,1,0,0,20141201,20171201
91019,1,1,1,1,1,0,0,20141201,20171201
91020,1,1,1,1,1,0,0,20141201,20171201
91021,1,1,1,1,1,0,0,20141201,20171201
91022,0,0,0,0,0,1,1,20141201,20171201
91023,1,1,1,1,1,0,0,20141201,20171201
91024,1,1,1,1,1,0,0,20141201,20171201
91025,1,1,1,1,1,0,0,20141201,20171201
91026,1,1,1,1,1,0,0,20141201,20171201
91027,1,1,1,1,1,0,0,20141201,20171201
91028,1,1,1,1,1,0,0,20141201,20171201
91029,0,0,0,0,0,1,1,20141201,20171201
91030,1,1,1,1,1,0,0,20141201,20171201
91031,1,1,1,1,1,0,0,20141201,20171201
91032,1,1,1,1,1,0,0,20141201,20171201
91033,1,1,1,1,1,0,0,20141201,20171201
91034,1,1,1,1,1,0,0,20141201,20171201
91035,1,1,1,1,1,0,0,20141201,20171201
91036,0,0,0,0,0,1,1,20141201,20171201
91037,1,1,1,1,1,0,0,20141201,20171201
91038,1,1,1,1,1,0,0,20141201,20171201
91039,1,1,1,1,1,0,0,20141201,20171201
91040,1,1,1,1,1,0,0,20141201,20171201
91041,1,1,1,1,1,0,0,20141201,20171201
91042,1,1,1,1,1,0,0,20141201,20171201
91043,0,0,0,0,0,1,1,20141201,20171201
91044,1,1,1,1,1,0,0,20141201,20171201
91045,1,1,1,1,1,0,0,20141201,20171201
91046,1,1,1,1,1,0,0,20141201,20171201
91047,1,1,1,1,1,0,0,20141201,20171201
91048,1,1,1,1,1,0,0,20141201,20171201
91049,1,1,1,1,1,0,0,20141201,20171201
91050,0,0,0,0,0,1,1,20141201,20171201
91058,1,1,1,1,1,0,0,20141201,20171201
91059,1,1,1,1,1,0,0,20141201,20171201
91060,1,1,1,1,1,0,0,20141201,20171201
91061,1,1,1,1,1,0,0,20141201,20171201
91062,1,1,1,1,1,0,0,20141201,20171201
91063,1,1,1,1,1,0,0,20141201,20171201
91064,0,0,0,0,0,1,1,20141201,20171201
91065,1,1,1,1,1,0,0,20141201,20171201
91066,1,1,1,1,1,0,0,20141201,20171201
91067,1,1,1,1,1,0,0,20141201,20171201
91068,1,1,1,1,1,0,0,20141201,20171201
91069,1,1,1,1,1,0,0,20141201,20171201
91070,1,1,1,1,1,0,0,20141201,20171201
91071,0,0,0,0,0,1,1,20141201,20171201
173318081,1,1,1,1,1,0,0,20141201,20171201
173343694,1,1,1,1,1,0,0,20141201,20171201
173347244,1,1,1,1,1,0,0,20141201,20171201
173347580,1,1,1,1,1,0,0,20141201,20171201
173352214,1,1,1,1,1,0,0,20141201,20171201
173376523,0,0,0,0,0,1,1,20141201,20171201
173389530,1,1,1,1,1,0,0,20141201,20171201
198423078,1,1,1,1,1,0,0,20141201,20171201
198429851,1,1,1,1,1,0,0,20141201,20171201
198460499,1,1,1,1,1,0,0,20141201,20171201
198464175,1,1,1,1,1,0,0,20141201,20171201
198464379,0,0,0,0,0,1,1,20141201,20171201
198473941,1,1,1,1,1,0,0,20141201,20171201
198495367,1,1,1,1,1,0,0,20141201,20171201
91079,1,1,1,1,1,0,0,20141201,20171201
91080,1,1,1,1,1,0,0,20141201,20171201
91081,1,1,1,1,1,0,0,20141201,20171201
91082,1,1,1,1,1,0,0,20141201,20171201
91083,1,1,1,1,1,0,0,20141201,20171201
91084,1,1,1,1,1,0,0,20141201,20171201
91085,1,1,1,1,1,0,0,20141201,20171201
91086,1,1,1,1,1,0,0,20141201,20171201
91087,1,1,1,1,1,0,0,20141201,20171201
91088,1,1,1,1,1,0,0,20141201,20171201
91089,1,1,1,1,1,0,0,20141201,20171201
91090,1,1,1,1,1,0,0,20141201,20171201
91091,0,0,0,0,0,1,1,20141201,20171201
91092,1,1,1,1,1,0,0,20141201,20171201
91093,1,1,1,1,1,0,0,20141201,20171201
91094,1,1,1,1,1,0,0,20141201,20171201
91095,1,1,1,1,1,0,0,20141201,20171201
91096,1,1,1,1,1,0,0,20141201,20171201
91097,1,1,1,1,1,0,0,20141201,20171201
91098,0,0,0,0,0,1,1,20141201,20171201
91099,1,1,1,1,1,0,0,20141201,20171201
91100,1,1,1,1,1,0,0,20141201,20171201
91101,1,1,1,1,1,0,0,20141201,20171201
91102,1,1,1,1,1,0,0,20141201,20171201
91103,1,1,1,1,1,0,0,20141201,20171201
91104,1,1,1,1,1,0,0,20141201,20171201
91105,0,0,0,0,0,1,1,20141201,20171201
91106,1,1,1,1,1,0,0,20141201,20171201
91107,1,1,1,1,1,0,0,20141201,20171201
91108,1,1,1,1,1,0,0,20141201,20171201
91109,1,1,1,1,1,0,0,20141201,20171201
91110,1,1,1,1,1,0,0,20141201,20171201
91111,1,1,1,1,1,0,0,20141201,20171201
91112,0,0,0,0,0,1,1,20141201,20171201
91113,1,1,1,1,1,0,0,20141201,20171201
91114,1,1,1,1,1,0,0,20141201,20171201
91115,1,1,1,1,1,0,0,20141201,20171201
91116,1,1,1,1,1,0,0,20141201,20171201
91117,1,1,1,1,1,0,0,20141201,20171201
91118,1,1,1,1,1,0,0,20141201,20171201
91119,0,0,0,0,0,1,1,20141201,20171201
91251,0,0,0,0,0,1,1,20141201,20171201
91127,1,1,1,1,1,0,0,20141201,20171201
91128,1,1,1,1,1,0,0,20141201,20171201
91129,1,1,1,1,1,0,0,20141201,20171201
91130,1,1,1,1,1,0,0,20141201,20171201
91131,1,1,1,1,1,0,0,20141201,20171201
91132,1,1,1,1,1,0,0,20141201,20171201
91133,0,0,0,0,0,1,1,20141201,20171201
91134,1,1,1,1,1,0,0,20141201,20171201
91135,1,1,1,1,1,0,0,20141201,20171201
91136,1,1,1,1,1,0,0,20141201,20171201
91137,1,1,1,1,1,0,0,20141201,20171201
91138,1,1,1,1,1,0,0,20141201,20171201
91139,1,1,1,1,1,0,0,20141201,20171201
91140,0,0,0,0,0,1,1,20141201,20171201
7815924,1,1,1,1,1,0,0,20141201,20171201
7816561,1,1,1,1,1,0,0,20141201,20171201
78125949,1,1,1,1,1,0,0,20141201,20171201
78137782,1,1,1,1,1,0,0,20141201,20171201
78140937,1,1,1,1,1,0,0,20141201,20171201
78176707,1,1,1,1,1,0,0,20141201,20171201
78183581,0,0,0,0,0,1,1,20141201,20171201
552118330,1,1,1,1,1,0,0,20141201,20171201
552144838,1,1,1,1,1,0,0,20141201,20171201
552172031,1,1,1,1,1,0,0,20141201,20171201
552180580,1,1,1,1,1,0,0,20141201,20171201
552182615,1,1,1,1,1,0,0,20141201,20171201
552185678,1,1,1,1,1,0,0,20141201,20171201
552187386,0,0,0,0,0,1,1,20141201,20171201
91155,1,1,1,1,1,0,0,20141201,20171201
91156,1,1,1,1,1,0,0,20141201,20171201
91157,1,1,1,1,1,0,0,20141201,20171201
91158,1,1,1,1,1,0,0,20141201,20171201
91159,1,1,1,1,1,0,0,20141201,20171201
91160,1,1,1,1,1,0,0,20141201,20171201
91161,0,0,0,0,0,1,1,20141201,20171201
91162,1,1,1,1,1,0,0,20141201,20171201
91163,1,1,1,1,1,0,0,20141201,20171201
91164,1,1,1,1,1,0,0,20141201,20171201
91165,1,1,1,1,1,0,0,20141201,20171201
91166,1,1,1,1,1,0,0,20141201,20171201
91167,1,1,1,1,1,0,0,20141201,20171201
91168,0,0,0,0,0,1,1,20141201,20171201
91183,1,1,1,1,1,0,0,20141201,20171201
91184,1,1,1,1,1,0,0,20141201,20171201
91185,1,1,1,1,1,0,0,20141201,20171201
91186,1,1,1,1,1,0,0,20141201,20171201
91187,1,1,1,1,1,0,0,20141201,20171201
91188,1,1,1,1,1,0,0,20141201,20171201
91189,0,0,0,0,0,1,1,20141201,20171201
2838228,1,1,1,1,1,0,0,20141201,20171201
4694399,1,1,1,1,1,0,0,20141201,20171201
28381880,1,1,1,1,1,0,0,20141201,20171201
46946597,1,1,1,1,1,0,0,20141201,20171201
48604062,1,1,1,1,1,0,0,20141201,20171201
48609020,1,1,1,1,1,0,0,20141201,20171201
283854467,1,1,1,1,1,0,0,20141201,20171201
283869844,0,0,0,0,0,1,1,20141201,20171201
283874899,1,1,1,1,1,0,0,20141201,20171201
283880215,1,1,1,1,1,0,0,20141201,20171201
283899078,1,1,1,1,1,0,0,20141201,20171201
469415405,1,1,1,1,1,0,0,20141201,20171201
469437628,1,1,1,1,1,0,0,20141201,20171201
469459416,1,1,1,1,1,0,0,20141201,20171201
469459679,1,1,1,1,1,0,0,20141201,20171201
469468669,0,0,0,0,0,1,1,20141201,20171201
486010860,1,1,1,1,1,0,0,20141201,20171201
486022466,1,1,1,1,1,0,0,20141201,20171201
486049238,0,0,0,0,0,1,1,20141201,20171201
486084161,1,1,1,1,1,0,0,20141201,20171201
486088323,1,1,1,1,1,0,0,20141201,20171201
91190,1,1,1,1,1,0,0,20141201,20171201
91191,1,1,1,1,1,0,0,20141201,20171201
91192,1,1,1,1,1,0,0,20141201,20171201
91193,1,1,1,1,1,0,0,20141201,20171201
91194,1,1,1,1,1,0,0,20141201,20171201
91195,1,1,1,1,1,0,0,20141201,20171201
91196,0,0,0,0,0,1,1,20141201,20171201
91197,1,1,1,1,1,0,0,20141201,20171201
91198,1,1,1,1,1,0,0,20141201,20171201
91199,1,1,1,1,1,0,0,20141201,20171201
91200,1,1,1,1,1,0,0,20141201,20171201
91201,1,1,1,1,1,0,0,20141201,20171201
91202,1,1,1,1,1,0,0,20141201,20171201
91203,0,0,0,0,0,1,1,20141201,20171201
90564,1,1,1,1,1,0,0,20141201,20171201
90565,1,1,1,1,1,0,0,20141201,20171201
90566,1,1,1,1,1,0,0,20141201,20171201
90567,1,1,1,1,1,0,0,20141201,20171201
90568,1,1,1,1,1,0,0,20141201,20171201
90569,1,1,1,1,1,0,0,20141201,20171201
90570,0,0,0,0,0,1,1,20141201,20171201
90571,1,1,1,1,1,0,0,20141201,20171201
90572,1,1,1,1,1,0,0,20141201,20171201
90573,1,1,1,1,1,0,0,20141201,20171201
90574,1,1,1,1,1,0,0,20141201,20171201
90575,1,1,1,1,1,0,0,20141201,20171201
90576,1,1,1,1,1,0,0,20141201,20171201
90577,0,0,0,0,0,1,1,20141201,20171201
90578,1,1,1,1,1,0,0,20141201,20171201
90579,1,1,1,1,1,0,0,20141201,20171201
90580,1,1,1,1,1,0,0,20141201,20171201
90581,1,1,1,1,1,0,0,20141201,20171201
90582,1,1,1,1,1,0,0,20141201,20171201
90583,1,1,1,1,1,0,0,20141201,20171201
90584,0,0,0,0,0,1,1,20141201,20171201
27385930,1,1,1,1,1,0,0,20141201,20171201
273816553,1,1,1,1,1,0,0,20141201,20171201
273861292,0,0,0,0,0,1,1,20141201,20171201
273885440,1,1,1,1,1,0,0,20141201,20171201
273896747,1,1,1,1,1,0,0,20141201,20171201
273897961,1,1,1,1,1,0,0,20141201,20171201
273898308,1,1,1,1,1,0,0,20141201,20171201
90592,1,1,1,1,1,0,0,20141201,20171201
90593,1,1,1,1,1,0,0,20141201,20171201
90594,1,1,1,1,1,0,0,20141201,20171201
90595,1,1,1,1,1,0,0,20141201,20171201
90596,1,1,1,1,1,0,0,20141201,20171201
90597,1,1,1,1,1,0,0,20141201,20171201
90598,0,0,0,0,0,1,1,20141201,20171201
90599,1,1,1,1,1,0,0,20141201,20171201
90600,1,1,1,1,1,0,0,20141201,20171201
90601,1,1,1,1,1,0,0,20141201,20171201
90602,1,1,1,1,1,0,0,20141201,20171201
90603,1,1,1,1,1,0,0,20141201,20171201
90604,1,1,1,1,1,0,0,20141201,20171201
90605,0,0,0,0,0,1,1,20141201,20171201
90613,1,1,1,1,1,0,0,20141201,20171201
90614,1,1,1,1,1,0,0,20141201,20171201
90615,1,1,1,1,1,0,0,20141201,20171201
90616,1,1,1,1,1,0,0,20141201,20171201
90617,1,1,1,1,1,0,0,20141201,20171201
90618,1,1,1,1,1,0,0,20141201,20171201
90619,0,0,0,0,0,1,1,20141201,20171201
90620,1,1,1,1,1,0,0,20141201,20171201
90621,1,1,1,1,1,0,0,20141201,20171201
90622,1,1,1,1,1,0,0,20141201,20171201
90623,1,1,1,1,1,0,0,20141201,20171201
90624,1,1,1,1,1,0,0,20141201,20171201
90625,1,1,1,1,1,0,0,20141201,20171201
90626,0,0,0,0,0,1,1,20141201,20171201
233010552,1,1,1,1,1,0,0,20141201,20171201
233023719,1,1,1,1,1,0,0,20141201,20171201
233037257,1,1,1,1,1,0,0,20141201,20171201
233051533,1,1,1,1,1,0,0,20141201,20171201
233082209,0,0,0,0,0,1,1,20141201,20171201
233094654,1,1,1,1,1,0,0,20141201,20171201
233099517,1,1,1,1,1,0,0,20141201,20171201
281330081,1,1,1,1,1,0,0,20141201,20171201
281332473,1,1,1,1,1,0,0,20141201,20171201
281354179,1,1,1,1,1,0,0,20141201,20171201
281368245,1,1,1,1,1,0,0,20141201,20171201
281370449,1,1,1,1,1,0,0,20141201,20171201
281386570,1,1,1,1,1,0,0,20141201,20171201
281394637,0,0,0,0,0,1,1,20141201,20171201
92328,1,1,1,1,1,0,0,20141201,20171201
92329,1,1,1,1,1,0,0,20141201,20171201
92330,1,1,1,1,1,0,0,20141201,20171201
92331,1,1,1,1,1,0,0,20141201,20171201
92332,1,1,1,1,1,0,0,20141201,20171201
92333,1,1,1,1,1,0,0,20141201,20171201
92334,0,0,0,0,0,1,1,20141201,20171201
92335,1,1,1,1,1,0,0,20141201,20171201
92336,1,1,1,1,1,0,0,20141201,20171201
92337,1,1,1,1,1,0,0,20141201,20171201
92338,1,1,1,1,1,0,0,20141201,20171201
92339,1,1,1,1,1,0,0,20141201,20171201
92340,1,1,1,1,1,0,0,20141201,20171201
92341,0,0,0,0,0,1,1,20141201,20171201
92342,0,0,0,0,0,1,1,20141201,20171201
92343,1,1,1,1,1,0,0,20141201,20171201
92344,1,1,1,1,1,0,0,20141201,20171201
92345,1,1,1,1,1,0,0,20141201,20171201
92346,1,1,1,1,1,0,0,20141201,20171201
92347,1,1,1,1,1,0,0,20141201,20171201
92348,1,1,1,1,1,0,0,20141201,20171201
92349,0,0,0,0,0,1,1,20141201,20171201
92350,1,1,1,1,1,0,0,20141201,20171201
92351,1,1,1,1,1,0,0,20141201,20171201
92352,1,1,1,1,1,0,0,20141201,20171201
92353,1,1,1,1,1,0,0,20141201,20171201
92354,1,1,1,1,1,0,0,20141201,20171201
92355,1,1,1,1,1,0,0,20141201,20171201
92356,1,1,1,1,1,0,0,20141201,20171201
92357,1,1,1,1,1,0,0,20141201,20171201
92358,1,1,1,1,1,0,0,20141201,20171201
92359,1,1,1,1,1,0,0,20141201,20171201
92360,0,0,0,0,0,1,1,20141201,20171201
92361,1,1,1,1,1,0,0,20141201,20171201
92362,1,1,1,1,1,0,0,20141201,20171201
92363,1,1,1,1,1,0,0,20141201,20171201
92364,1,1,1,1,1,0,0,20141201,20171201
92365,1,1,1,1,1,0,0,20141201,20171201
92366,1,1,1,1,1,0,0,20141201,20171201
92367,1,1,1,1,1,0,0,20141201,20171201
92368,1,1,1,1,1,0,0,20141201,20171201
92369,0,0,0,0,0,1,1,20141201,20171201
90178,1,1,1,1,1,0,0,20141201,20171201
90179,0,0,0,0,0,1,0,20141201,20171201
90180,1,1,1,1,1,1,1,20141201,20171201
90181,1,1,1,1,1,1,0,20141201,20171201
90182,1,1,1,1,1,1,0,20141201,20171201
90183,1,1,1,1,1,1,1,20141201,20171201
90184,1,1,1,1,1,0,0,20141201,20171201
90185,1,1,1,1,1,0,0,20141201,20171201
90186,0,0,0,0,0,1,0,20141201,20171201
90187,1,1,1,1,1,1,0,20141201,20171201
90188,1,1,1,1,1,1,1,20141201,20171201
90189,1,1,1,1,1,0,0,20141201,20171201
90190,1,1,1,1,1,0,0,20141201,20171201
90191,0,0,0,0,0,1,0,20141201,20171201
90192,1,1,1,1,1,1,0,20141201,20171201
90193,1,1,1,1,1,0,0,20141201,20171201
90194,0,0,0,0,0,1,0,20141201,20171201
90195,1,1,1,1,1,1,0,20141201,20171201
90196,0,0,0,0,0,0,1,20141201,20171201
91252,1,1,1,1,1,0,0,20141201,20171201
91253,1,1,1,1,1,0,0,20141201,20171201
91254,1,1,1,1,1,0,0,20141201,20171201
91255,1,1,1,1,1,0,0,20141201,20171201
91256,1,1,1,1,1,0,0,20141201,20171201
91257,1,1,1,1,1,0,0,20141201,20171201
91258,0,0,0,0,0,1,1,20141201,20171201
91259,1,1,1,1,1,0,0,20141201,20171201
91260,1,1,1,1,1,0,0,20141201,20171201
91261,1,1,1,1,1,0,0,20141201,20171201
91262,1,1,1,1,1,0,0,20141201,20171201
91263,1,1,1,1,1,0,0,20141201,20171201
91264,1,1,1,1,1,0,0,20141201,20171201
91265,0,0,0,0,0,1,1,20141201,20171201
91796,1,1,1,1,1,0,0,20141201,20171201
91797,1,1,1,1,1,0,0,20141201,20171201
91798,1,1,1,1,1,0,0,20141201,20171201
91799,1,1,1,1,1,0,0,20141201,20171201
91800,1,1,1,1,1,0,0,20141201,20171201
91801,1,1,1,1,1,0,0,20141201,20171201
91802,0,0,0,0,0,1,1,20141201,20171201
91803,1,1,1,1,1,0,0,20141201,20171201
91804,1,1,1,1,1,0,0,20141201,20171201
91805,1,1,1,1,1,0,0,20141201,20171201
91806,1,1,1,1,1,0,0,20141201,20171201
91807,1,1,1,1,1,0,0,20141201,20171201
91808,1,1,1,1,1,0,0,20141201,20171201
91809,0,0,0,0,0,1,1,20141201,20171201
91810,1,1,1,1,1,0,0,20141201,20171201
91811,1,1,1,1,1,0,0,20141201,20171201
91812,1,1,1,1,1,0,0,20141201,20171201
91813,1,1,1,1,1,0,0,20141201,20171201
91814,1,1,1,1,1,0,0,20141201,20171201
91815,1,1,1,1,1,0,0,20141201,20171201
91816,0,0,0,0,0,1,1,20141201,20171201
91817,1,1,1,1,1,0,0,20141201,20171201
91818,1,1,1,1,1,0,0,20141201,20171201
91819,1,1,1,1,1,0,0,20141201,20171201
91820,1,1,1,1,1,0,0,20141201,20171201
91821,1,1,1,1,1,0,0,20141201,20171201
91822,1,1,1,1,1,0,0,20141201,20171201
91823,0,0,0,0,0,1,1,20141201,20171201
91824,1,1,1,1,1,0,0,20141201,20171201
91825,1,1,1,1,1,0,0,20141201,20171201
91826,1,1,1,1,1,0,0,20141201,20171201
91827,1,1,1,1,1,0,0,20141201,20171201
91828,1,1,1,1,1,0,0,20141201,20171201
91829,1,1,1,1,1,0,0,20141201,20171201
91830,0,0,0,0,0,1,1,20141201,20171201
91831,1,1,1,1,1,0,0,20141201,20171201
91832,1,1,1,1,1,0,0,20141201,20171201
91833,1,1,1,1,1,0,0,20141201,20171201
91834,1,1,1,1,1,0,0,20141201,20171201
91835,1,1,1,1,1,0,0,20141201,20171201
91836,1,1,1,1,1,0,0,20141201,20171201
91837,0,0,0,0,0,1,1,20141201,20171201
91838,1,1,1,1,1,0,0,20141201,20171201
91839,1,1,1,1,1,0,0,20141201,20171201
91840,1,1,1,1,1,0,0,20141201,20171201
91841,1,1,1,1,1,0,0,20141201,20171201
91842,0,0,0,0,0,1,1,20141201,20171201
91843,1,1,1,1,1,0,0,20141201,20171201
91844,1,1,1,1,1,0,0,20141201,20171201
91845,1,1,1,1,1,0,0,20141201,20171201
91846,0,0,0,0,0,1,1,20141201,20171201
91847,1,1,1,1,1,0,0,20141201,20171201
91848,1,1,1,1,1,0,0,20141201,20171201
91849,1,1,1,1,1,0,0,20141201,20171201
91850,1,1,1,1,1,0,0,20141201,20171201
91851,1,1,1,1,1,0,0,20141201,20171201
91768,1,1,1,1,1,0,0,20141201,20171201
91769,1,1,1,1,1,0,0,20141201,20171201
91770,1,1,1,1,1,0,0,20141201,20171201
91771,1,1,1,1,1,0,0,20141201,20171201
91772,1,1,1,1,1,0,0,20141201,20171201
91773,1,1,1,1,1,0,0,20141201,20171201
91774,0,0,0,0,0,1,1,20141201,20171201
91775,1,1,1,1,1,0,0,20141201,20171201
91776,1,1,1,1,1,0,0,20141201,20171201
91777,1,1,1,1,1,0,0,20141201,20171201
91778,1,1,1,1,1,0,0,20141201,20171201
91779,1,1,1,1,1,0,0,20141201,20171201
91780,1,1,1,1,1,0,0,20141201,20171201
91781,0,0,0,0,0,1,1,20141201,20171201
91782,1,1,1,1,1,0,0,20141201,20171201
91783,1,1,1,1,1,0,0,20141201,20171201
91784,1,1,1,1,1,0,0,20141201,20171201
91785,1,1,1,1,1,0,0,20141201,20171201
91786,1,1,1,1,1,0,0,20141201,20171201
91787,1,1,1,1,1,0,0,20141201,20171201
91788,0,0,0,0,0,1,1,20141201,20171201
91789,1,1,1,1,1,0,0,20141201,20171201
91790,1,1,1,1,1,0,0,20141201,20171201
91791,0,0,0,0,0,1,1,20141201,20171201
91792,1,1,1,1,1,0,0,20141201,20171201
91793,1,1,1,1,1,0,0,20141201,20171201
91794,1,1,1,1,1,0,0,20141201,20171201
91795,1,1,1,1,1,0,0,20141201,20171201
91432,1,1,1,1,1,0,0,20141201,20171201
91433,1,1,1,1,1,0,0,20141201,20171201
91434,1,1,1,1,1,0,0,20141201,20171201
91435,1,1,1,1,1,0,0,20141201,20171201
91436,1,1,1,1,1,0,0,20141201,20171201
91437,1,1,1,1,1,0,0,20141201,20171201
91438,0,0,0,0,0,1,1,20141201,20171201
91439,1,1,1,1,1,0,0,20141201,20171201
91440,1,1,1,1,1,0,0,20141201,20171201
91441,1,1,1,1,1,0,0,20141201,20171201
91442,1,1,1,1,1,0,0,20141201,20171201
91443,1,1,1,1,1,0,0,20141201,20171201
91444,1,1,1,1,1,0,0,20141201,20171201
91445,0,0,0,0,0,1,1,20141201,20171201
91446,1,1,1,1,1,0,0,20141201,20171201
91447,1,1,1,1,1,0,0,20141201,20171201
91448,1,1,1,1,1,0,0,20141201,20171201
91449,1,1,1,1,1,0,0,20141201,20171201
91450,1,1,1,1,1,0,0,20141201,20171201
91451,1,1,1,1,1,0,0,20141201,20171201
91452,0,0,0,0,0,1,1,20141201,20171201
91453,1,1,1,1,1,0,0,20141201,20171201
91454,1,1,1,1,1,0,0,20141201,20171201
91455,1,1,1,1,1,0,0,20141201,20171201
91456,1,1,1,1,1,0,0,20141201,20171201
91457,1,1,1,1,1,0,0,20141201,20171201
91458,1,1,1,1,1,0,0,20141201,20171201
91459,0,0,0,0,0,1,1,20141201,20171201
90912,1,1,1,1,1,0,0,20141201,20171201
90913,1,1,1,1,1,0,0,20141201,20171201
90914,1,1,1,1,1,0,0,20141201,20171201
90915,1,1,1,1,1,0,0,20141201,20171201
90916,1,1,1,1,1,0,0,20141201,20171201
90917,1,1,1,1,1,0,0,20141201,20171201
90918,0,0,0,0,0,1,1,20141201,20171201
90919,1,1,1,1,1,0,0,20141201,20171201
90920,1,1,1,1,1,0,0,20141201,20171201
90921,1,1,1,1,1,0,0,20141201,20171201
90922,1,1,1,1,1,0,0,20141201,20171201
90923,1,1,1,1,1,0,0,20141201,20171201
90924,1,1,1,1,1,0,0,20141201,20171201
90925,0,0,0,0,0,1,1,20141201,20171201
24651262,1,1,1,1,1,0,0,20141201,20171201
28956504,1,1,1,1,1,0,0,20141201,20171201
246533604,1,1,1,1,1,0,0,20141201,20171201
246537675,0,0,0,0,0,1,1,20141201,20171201
246560122,1,1,1,1,1,0,0,20141201,20171201
246568787,1,1,1,1,1,0,0,20141201,20171201
246596153,1,1,1,1,1,0,0,20141201,20171201
246599123,1,1,1,1,1,0,0,20141201,20171201
289522413,1,1,1,1,1,0,0,20141201,20171201
289528101,1,1,1,1,1,0,0,20141201,20171201
289540201,1,1,1,1,1,0,0,20141201,20171201
289567762,0,0,0,0,0,1,1,20141201,20171201
289576707,1,1,1,1,1,0,0,20141201,20171201
289595935,1,1,1,1,1,0,0,20141201,20171201
91460,1,1,1,1,1,0,0,20141201,20171201
91461,1,1,1,1,1,0,0,20141201,20171201
91462,1,1,1,1,1,0,0,20141201,20171201
91463,1,1,1,1,1,0,0,20141201,20171201
91464,1,1,1,1,1,0,0,20141201,20171201
91465,1,1,1,1,1,0,0,20141201,20171201
91466,0,0,0,0,0,1,1,20141201,20171201
91467,1,1,1,1,1,0,0,20141201,20171201
91468,1,1,1,1,1,0,0,20141201,20171201
91469,1,1,1,1,1,0,0,20141201,20171201
91470,1,1,1,1,1,0,0,20141201,20171201
91471,1,1,1,1,1,0,0,20141201,20171201
91472,1,1,1,1,1,0,0,20141201,20171201
91473,0,0,0,0,0,1,1,20141201,20171201
91474,1,1,1,1,1,0,0,20141201,20171201
91475,1,1,1,1,1,0,0,20141201,20171201
91476,1,1,1,1,1,0,0,20141201,20171201
91477,1,1,1,1,1,0,0,20141201,20171201
91478,1,1,1,1,1,0,0,20141201,20171201
91479,1,1,1,1,1,0,0,20141201,20171201
91480,0,0,0,0,0,1,1,20141201,20171201
91481,1,1,1,1,1,0,0,20141201,20171201
91482,1,1,1,1,1,0,0,20141201,20171201
91483,1,1,1,1,1,0,0,20141201,20171201
91484,0,0,0,0,0,1,1,20141201,20171201
91485,1,1,1,1,1,0,0,20141201,20171201
91486,1,1,1,1,1,0,0,20141201,20171201
91487,1,1,1,1,1,0,0,20141201,20171201
91502,1,1,1,1,1,0,0,20141201,20171201
91503,1,1,1,1,1,0,0,20141201,20171201
91504,1,1,1,1,1,0,0,20141201,20171201
91505,1,1,1,1,1,0,0,20141201,20171201
91506,1,1,1,1,1,0,0,20141201,20171201
91507,1,1,1,1,1,0,0,20141201,20171201
91508,0,0,0,0,0,1,1,20141201,20171201
91509,1,1,1,1,1,0,0,20141201,20171201
91510,1,1,1,1,1,0,0,20141201,20171201
91511,1,1,1,1,1,0,0,20141201,20171201
91512,1,1,1,1,1,0,0,20141201,20171201
91513,1,1,1,1,1,0,0,20141201,20171201
91514,1,1,1,1,1,0,0,20141201,20171201
91515,0,0,0,0,0,1,1,20141201,20171201
91516,1,1,1,1,1,0,0,20141201,20171201
91517,1,1,1,1,1,0,0,20141201,20171201
91518,1,1,1,1,1,0,0,20141201,20171201
91519,1,1,1,1,1,0,0,20141201,20171201
91520,1,1,1,1,1,0,0,20141201,20171201
91521,1,1,1,1,1,0,0,20141201,20171201
91522,0,0,0,0,0,1,1,20141201,20171201
91523,1,1,1,1,1,0,0,20141201,20171201
91524,1,1,1,1,1,0,0,20141201,20171201
91525,1,1,1,1,1,0,0,20141201,20171201
91526,1,1,1,1,1,0,0,20141201,20171201
91527,0,0,0,0,0,1,1,20141201,20171201
91528,1,1,1,1,1,0,0,20141201,20171201
91529,1,1,1,1,1,0,0,20141201,20171201
91350,1,1,1,1,1,0,0,20141201,20171201
91351,1,1,1,1,1,0,0,20141201,20171201
91352,1,1,1,1,1,0,0,20141201,20171201
91353,1,1,1,1,1,0,0,20141201,20171201
91354,1,1,1,1,1,0,0,20141201,20171201
91355,1,1,1,1,1,0,0,20141201,20171201
91356,0,0,0,0,0,1,1,20141201,20171201
91357,1,1,1,1,1,0,0,20141201,20171201
91358,1,1,1,1,1,0,0,20141201,20171201
91359,1,1,1,1,1,0,0,20141201,20171201
91360,1,1,1,1,1,0,0,20141201,20171201
91361,1,1,1,1,1,0,0,20141201,20171201
91362,1,1,1,1,1,0,0,20141201,20171201
91363,0,0,0,0,0,1,1,20141201,20171201
91364,1,1,1,1,1,0,0,20141201,20171201
91365,1,1,1,1,1,0,0,20141201,20171201
91366,1,1,1,1,1,0,0,20141201,20171201
91367,1,1,1,1,1,0,0,20141201,20171201
91368,1,1,1,1,1,0,0,20141201,20171201
91369,1,1,1,1,1,0,0,20141201,20171201
91370,0,0,0,0,0,1,1,20141201,20171201
91371,1,1,1,1,1,0,0,20141201,20171201
91372,1,1,1,1,1,0,0,20141201,20171201
91373,1,1,1,1,1,0,0,20141201,20171201
91374,1,1,1,1,1,0,0,20141201,20171201
91375,1,1,1,1,1,0,0,20141201,20171201
91376,1,1,1,1,1,0,0,20141201,20171201
91377,0,0,0,0,0,1,1,20141201,20171201
91378,1,1,1,1,1,0,0,20141201,20171201
91379,1,1,1,1,1,0,0,20141201,20171201
91380,1,1,1,1,1,0,0,20141201,20171201
91381,1,1,1,1,1,0,0,20141201,20171201
91382,1,1,1,1,1,0,0,20141201,20171201
91383,1,1,1,1,1,0,0,20141201,20171201
91384,0,0,0,0,0,1,1,20141201,20171201
91385,1,1,1,1,1,0,0,20141201,20171201
91386,1,1,1,1,1,0,0,20141201,20171201
91387,1,1,1,1,1,0,0,20141201,20171201
91388,1,1,1,1,1,0,0,20141201,20171201
91389,1,1,1,1,1,0,0,20141201,20171201
91390,1,1,1,1,1,0,0,20141201,20171201
91391,0,0,0,0,0,1,1,20141201,20171201
91392,1,1,1,1,1,0,0,20141201,20171201
91393,1,1,1,1,1,0,0,20141201,20171201
91394,1,1,1,1,1,0,0,20141201,20171201
91395,1,1,1,1,1,0,0,20141201,20171201
91396,1,1,1,1,1,0,0,20141201,20171201
91397,1,1,1,1,1,0,0,20141201,20171201
91398,0,0,0,0,0,1,1,20141201,20171201
91399,1,1,1,1,1,0,0,20141201,20171201
91400,1,1,1,1,1,0,0,20141201,20171201
91401,1,1,1,1,1,0,0,20141201,20171201
91402,1,1,1,1,1,0,0,20141201,20171201
91403,0,0,0,0,0,1,1,20141201,20171201
91404,0,0,0,0,0,1,1,20141201,20171201
91405,1,1,1,1,1,0,0,20141201,20171201
91406,1,1,1,1,1,0,0,20141201,20171201
91407,1,1,1,1,1,0,0,20141201,20171201
91408,1,1,1,1,1,0,0,20141201,20171201
91409,1,1,1,1,1,0,0,20141201,20171201
91410,1,1,1,1,1,0,0,20141201,20171201
91411,1,1,1,1,1,0,0,20141201,20171201
91412,0,0,0,0,0,1,1,20141201,20171201
91413,1,1,1,1,1,0,0,20141201,20171201
91414,1,1,1,1,1,0,0,20141201,20171201
91415,1,1,1,1,1,0,0,20141201,20171201
91416,1,1,1,1,1,0,0,20141201,20171201
91417,1,1,1,1,1,0,0,20141201,20171201
91418,1,1,1,1,1,0,0,20141201,20171201
91419,1,1,1,1,1,0,0,20141201,20171201
91420,1,1,1,1,1,0,0,20141201,20171201
91421,1,1,1,1,1,0,0,20141201,20171201
91422,0,0,0,0,0,1,1,20141201,20171201
91423,1,1,1,1,1,0,0,20141201,20171201
91424,1,1,1,1,1,0,0,20141201,20171201
91425,1,1,1,1,1,0,0,20141201,20171201
91426,0,0,0,0,0,1,1,20141201,20171201
91427,1,1,1,1,1,0,0,20141201,20171201
91428,1,1,1,1,1,0,0,20141201,20171201
91429,1,1,1,1,1,0,0,20141201,20171201
91430,1,1,1,1,1,0,0,20141201,20171201
91431,1,1,1,1,1,0,0,20141201,20171201
91530,0,0,0,0,0,1,1,20141201,20171201
91531,1,1,1,1,1,0,0,20141201,20171201
91532,1,1,1,1,1,0,0,20141201,20171201
91533,1,1,1,1,1,0,0,20141201,20171201
91534,1,1,1,1,1,0,0,20141201,20171201
91535,1,1,1,1,1,0,0,20141201,20171201
91536,1,1,1,1,1,0,0,20141201,20171201
91537,1,1,1,1,1,0,0,20141201,20171201
91538,1,1,1,1,1,0,0,20141201,20171201
91539,1,1,1,1,1,0,0,20141201,20171201
91540,1,1,1,1,1,0,0,20141201,20171201
91541,1,1,1,1,1,0,0,20141201,20171201
91542,1,1,1,1,1,0,0,20141201,20171201
91543,0,0,0,0,0,1,1,20141201,20171201
91544,1,1,1,1,1,0,0,20141201,20171201
91545,1,1,1,1,1,0,0,20141201,20171201
91546,1,1,1,1,1,0,0,20141201,20171201
91547,0,0,0,0,0,1,1,20141201,20171201
91548,1,1,1,1,1,0,0,20141201,20171201
91549,1,1,1,1,1,0,0,20141201,20171201
91550,1,1,1,1,1,0,0,20141201,20171201
91551,1,1,1,1,1,0,0,20141201,20171201
91552,1,1,1,1,1,0,0,20141201,20171201
91553,0,0,0,0,0,1,1,20141201,20171201
91554,1,1,1,1,1,0,0,20141201,20171201
91555,1,1,1,1,1,0,0,20141201,20171201
91556,1,1,1,1,1,0,0,20141201,20171201
91557,1,1,1,1,1,0,0,20141201,20171201
